47.202	47.273	47.25	47.332	47.213	47.372	47.273	47.438	46.691	46.599	46.623	46.653	46.136	46.127	45.948	45.935	45.726	45.139	44.978	44.937	44.269	44.079	43.741	43.375	42.847	42.322	42.322	41.797	41.406	40.924	40.427	39.857	39.517	38.999	38.493	37.954	37.552	37.084	36.615	36.098	35.58	35.141	34.184	34.177	33.739	33.226	32.913	32.4	31.833	31.862	31.554	30.953	30.639	30.561	30.368	30.224	29.79	29.261	29.287	28.866
20.229	20.483	20.556	20.603	20.64	20.56	20.506	20.126	20.231	20.211	20.224	20.149	20.213	20.281	20.218	20.41	20.133	20.143	20.176	20.114	20.171	20.198	20.17	20.208	20.198	20.178	19.963	19.808	19.77	19.785	19.765	19.704	19.745	19.772	19.737	19.606	19.644	19.669	19.677	19.732	19.546	19.682	19.777	19.747	19.759	19.777	19.689	19.596	19.722	19.692	19.722	19.727	19.945	19.92	19.99	19.835	19.84	19.822	19.843	19.898
19.908	20.158	20.181	20.091	20.171	20.098	19.82	19.79	19.776	19.653	19.696	19.93	19.94	19.99	19.944	19.896	19.694	19.684	19.669	19.694	19.747	20.081	20.048	20.201	20.118	20.111	19.99	19.787	19.757	19.721	19.741	19.691	19.9	19.854	19.874	19.547	19.448	19.435	19.435	19.418	19.453	19.717	20.094	19.873	20.062	20.152	20.024	20.087	20.297	20.282	20.397	20.419	20.458	20.682	20.672	20.67	20.485	20.257	20.177	20.227
20.166	20.407	20.413	20.558	20.568	20.427	20.395	20.176	20.191	20.108	20.093	20.357	20.319	20.445	20.397	20.515	20.178	20.15	20.271	20.281	20.271	20.241	20.276	20.296	20.281	19.984	19.924	19.912	19.71	19.715	19.715	19.431	19.502	19.515	19.477	19.502	19.387	19.387	19.302	19.355	19.469	19.502	19.795	20.108	19.987	19.663	19.721	19.481	19.509	19.476	19.744	19.716	20.108	20.058	20.08	20.095	19.83	19.775	19.823	19.931
19.739	20.103	20.184	20.204	20.146	20.146	19.944	19.914	19.792	19.861	19.873	20.073	20.176	20.357	20.405	20.327	20.085	20.171	20.156	20.156	20.148	20.567	20.58	20.55	20.59	20.088	20.118	20.143	20.035	20.035	19.994	19.818	19.787	19.573	19.603	19.468	19.496	19.43	19.471	19.509	19.565	19.683	20.032	20.025	19.972	19.994	19.759	19.691	19.506	19.704	19.719	19.962	19.946	19.999	20.096	20.063	20.06	19.903	19.936	20.065
20.112	20.235	20.312	20.242	20.242	20.1	20.1	20.102	20.042	20.005	20.08	20.112	20.11	20.175	20.107	20.117	20.022	20.005	20.282	20.209	20.184	20.297	20.337	20.417	20.437	20.185	20.205	19.972	19.999	19.844	19.804	19.939	19.927	19.899	20.097	19.86	19.971	19.665	19.743	19.609	19.833	19.895	19.976	19.958	20.019	19.908	20.127	20.062	20.052	20.17	20.032	20.102	20.306	20.296	20.485	20.555	20.292	20.272	20.205	20.217
20.712	21.065	20.926	20.974	21.004	21.001	20.746	20.709	20.587	20.418	20.412	20.407	20.458	20.453	20.653	20.543	20.533	20.362	20.459	20.45	20.42	20.597	20.577	20.521	20.614	20.634	20.386	20.437	20.42	19.954	20.212	20.195	20.392	20.299	20.183	20.058	19.816	19.949	19.856	19.792	20.013	19.989	20.092	20.095	20.075	20.193	20.25	20.087	20.104	20.038	20.038	20.132	20.233	20.215	20.272	20.228	20.309	20.156	20.112	20.358
20.058	20.075	20.226	20.218	20.015	20.052	19.867	19.798	19.768	19.698	19.711	19.701	19.738	19.743	19.656	19.365	19.355	19.639	19.962	19.969	19.984	19.965	19.689	19.753	19.619	19.651	19.373	19.381	19.757	19.87	19.863	19.888	19.414	19.414	19.154	19.164	19.489	19.587	19.672	19.823	19.785	19.502	19.395	19.398	19.377	19.459	19.171	18.963	18.916	18.93	19.046	18.93	18.963	18.946	18.95	18.953	18.851	18.806	18.847	18.903
19.006	18.997	18.98	18.979	19.019	19.072	18.765	18.736	19.033	18.902	18.955	18.985	18.905	18.919	18.948	19.19	19.116	18.84	19.029	19.088	19.095	19.041	19.076	19.077	19.116	19.068	18.685	18.63	18.633	18.645	18.587	18.909	18.622	18.675	18.589	18.344	18.446	18.227	18.239	18.312	18.246	18.444	18.549	18.449	18.513	18.197	18.285	18.183	18.425	18.493	18.566	18.585	18.857	18.745	18.745	18.753	18.699	18.687	18.699	18.794
20.236	20.535	20.54	20.786	20.752	20.75	20.732	20.68	20.791	20.631	20.409	20.448	20.33	20.384	20.318	20.318	20.335	20.311	20.565	20.565	20.604	20.851	21.117	21.3	21.31	21.357	21.882	21.929	22.159	22.419	22.465	22.698	22.933	23.095	23.017	23.254	23.643	23.782	23.911	23.969	24.276	24.439	24.39	24.488	24.733	24.883	24.883	24.931	25.234	25.231	25.528	25.513	25.562	25.817	25.719	25.955	26.144	26.48	26.473	26.345
27.844	27.797	27.832	27.841	27.741	27.844	27.893	27.858	27.73	27.918	28.33	28.326	28.641	29.06	29.449	29.791	30.32	30.764	31.44	31.987	32.292	32.972	33.309	33.978	34.684	34.823	35.493	35.701	36.348	36.685	37.173	37.204	37.88	38.162	38.502	38.76	39.133	39.451	39.669	39.656	39.96	40.506	40.407	40.439	40.815	40.938	41.081	41.238	41.484	41.899	41.883	41.918	42.245	42.213	42.563	42.524	42.907	42.932	42.955	43.338
