2.184	2.184	2.184	2.185	2.178	2.188	2.177	2.18	2.151	2.143	2.156	2.166	2.128	2.122	2.137	2.134	2.142	2.12	2.122	2.122	2.087	2.085	2.062	2.052	2.021	1.995	2.001	1.979	1.956	1.932	1.916	1.893	1.863	1.841	1.828	1.809	1.785	1.763	1.74	1.72	1.692	1.668	1.623	1.623	1.608	1.586	1.563	1.538	1.52	1.518	1.509	1.47	1.458	1.452	1.443	1.449	1.428	1.401	1.402	1.383
1.566	1.586	1.587	1.594	1.602	1.585	1.596	1.57	1.567	1.564	1.561	1.564	1.558	1.561	1.563	1.581	1.561	1.56	1.566	1.567	1.571	1.57	1.568	1.568	1.571	1.568	1.551	1.536	1.535	1.535	1.527	1.521	1.529	1.532	1.514	1.514	1.516	1.519	1.52	1.512	1.514	1.526	1.522	1.521	1.517	1.516	1.516	1.513	1.515	1.518	1.525	1.52	1.542	1.543	1.543	1.531	1.532	1.527	1.532	1.541
1.545	1.557	1.559	1.545	1.556	1.543	1.532	1.527	1.532	1.522	1.517	1.532	1.537	1.539	1.542	1.542	1.525	1.526	1.519	1.524	1.529	1.558	1.549	1.551	1.556	1.558	1.548	1.528	1.536	1.521	1.519	1.518	1.526	1.527	1.528	1.518	1.495	1.497	1.5	1.5	1.502	1.52	1.535	1.53	1.537	1.55	1.547	1.548	1.566	1.571	1.578	1.576	1.571	1.596	1.597	1.596	1.576	1.564	1.558	1.568
1.547	1.568	1.57	1.577	1.583	1.576	1.568	1.558	1.548	1.539	1.536	1.559	1.551	1.564	1.563	1.57	1.561	1.559	1.554	1.563	1.567	1.566	1.564	1.567	1.572	1.54	1.535	1.531	1.519	1.519	1.516	1.494	1.495	1.49	1.493	1.49	1.486	1.484	1.476	1.482	1.493	1.5	1.52	1.548	1.53	1.507	1.512	1.496	1.491	1.495	1.52	1.513	1.541	1.545	1.544	1.544	1.526	1.522	1.519	1.527
1.515	1.538	1.543	1.547	1.552	1.554	1.524	1.524	1.519	1.525	1.525	1.538	1.543	1.56	1.564	1.555	1.541	1.551	1.549	1.556	1.546	1.581	1.589	1.586	1.587	1.546	1.546	1.555	1.548	1.545	1.542	1.522	1.515	1.5	1.508	1.498	1.489	1.49	1.492	1.489	1.49	1.496	1.535	1.538	1.528	1.533	1.51	1.512	1.49	1.512	1.511	1.531	1.532	1.535	1.54	1.543	1.533	1.527	1.527	1.532
1.55	1.563	1.571	1.557	1.566	1.55	1.553	1.549	1.548	1.544	1.543	1.561	1.555	1.562	1.555	1.555	1.546	1.544	1.572	1.572	1.564	1.579	1.576	1.585	1.566	1.556	1.565	1.551	1.547	1.528	1.528	1.538	1.534	1.533	1.548	1.521	1.531	1.511	1.525	1.511	1.532	1.525	1.531	1.531	1.536	1.525	1.552	1.545	1.541	1.545	1.546	1.553	1.562	1.558	1.582	1.583	1.565	1.564	1.556	1.565
1.635	1.654	1.642	1.641	1.656	1.656	1.627	1.624	1.628	1.604	1.596	1.595	1.606	1.609	1.622	1.614	1.615	1.604	1.62	1.613	1.611	1.623	1.622	1.617	1.616	1.617	1.611	1.611	1.611	1.572	1.591	1.588	1.607	1.599	1.593	1.584	1.552	1.564	1.557	1.554	1.571	1.571	1.574	1.574	1.583	1.586	1.594	1.58	1.577	1.574	1.569	1.57	1.582	1.585	1.588	1.593	1.587	1.573	1.575	1.584
1.537	1.537	1.56	1.561	1.542	1.541	1.526	1.524	1.515	1.519	1.515	1.515	1.508	1.511	1.515	1.496	1.487	1.51	1.543	1.541	1.544	1.542	1.527	1.53	1.517	1.517	1.497	1.493	1.533	1.541	1.535	1.526	1.482	1.485	1.472	1.469	1.496	1.508	1.518	1.523	1.513	1.49	1.487	1.479	1.493	1.497	1.473	1.456	1.452	1.448	1.463	1.458	1.457	1.458	1.458	1.459	1.444	1.446	1.449	1.461
1.482	1.489	1.466	1.469	1.481	1.487	1.457	1.459	1.479	1.472	1.475	1.476	1.474	1.47	1.472	1.492	1.5	1.48	1.497	1.501	1.497	1.498	1.493	1.492	1.503	1.501	1.462	1.459	1.454	1.459	1.478	1.484	1.455	1.455	1.463	1.437	1.442	1.426	1.424	1.421	1.419	1.429	1.449	1.441	1.441	1.419	1.422	1.418	1.434	1.442	1.45	1.445	1.467	1.465	1.468	1.466	1.462	1.458	1.469	1.47
1.565	1.586	1.588	1.611	1.613	1.612	1.607	1.615	1.605	1.607	1.588	1.589	1.58	1.578	1.582	1.576	1.586	1.59	1.598	1.598	1.607	1.627	1.642	1.653	1.655	1.657	1.704	1.701	1.734	1.751	1.74	1.76	1.774	1.79	1.781	1.795	1.834	1.835	1.849	1.851	1.88	1.89	1.888	1.894	1.913	1.931	1.937	1.938	1.955	1.958	1.971	1.976	1.988	2.009	2.005	2.022	2.031	2.053	2.071	2.052
1.745	1.748	1.751	1.75	1.749	1.751	1.753	1.75	1.746	1.755	1.779	1.78	1.791	1.816	1.846	1.865	1.903	1.938	1.976	2.016	2.037	2.079	2.103	2.144	2.188	2.191	2.23	2.249	2.286	2.305	2.332	2.336	2.373	2.39	2.411	2.428	2.451	2.458	2.47	2.468	2.492	2.54	2.541	2.556	2.556	2.556	2.566	2.574	2.588	2.616	2.605	2.609	2.63	2.63	2.648	2.649	2.675	2.677	2.673	2.697
