8.99	0.77	0.641	0.006	0	0	0.001	0.003	0.001	0.001	0.001	0.005	0	0	0	0	0.001	0	0	0	0.005	0.003	0	0.001	0.001	0.003	0.001	0.003	0.003	0.003	0	0	0	0	0	0.001	0.001	0.003	0.003	0	0	0.001	0	0	0	0	0.001	0.003	0.005	0.004	0	0.001	0.003	0.001	0.001	0	0.003	0.003	0.001	0	0	0	0.003	0.001	0.001	0.001	0.001	0.003	0.001	0	0	0.001	0	0.001	0	0	0	0.003	0	0	0.001	0	0.001	0.004	0.001	0.001	0.003	0.007	0	0	0.001	0	0	0.005	14.888	18.71	16.369	14.239	12.652	11.403	10.474	9.814	9.327	8.961	8.863	8.406	8.387	8.198	8.209	8.114	7.901	8.034	7.994	7.848	8.066	8.017	7.99	7.975	7.871	8.082	7.964	7.82	8.07	7.932	7.911	7.946	7.894	8.029	7.906	7.836	8.119	7.938	7.784	8.068	7.907	7.82	7.953	7.81	8.034	7.879	7.813	8.102	8.008	7.804	8.026	7.917	7.911	7.934	7.801	8.041	7.814	7.779	8.086	7.939	7.838	7.948	7.878	7.959	7.913	7.799	8.065	7.928	7.678	8.041	7.948	7.758	7.986	7.896	7.988	7.918	7.816	8.079	7.986	7.764	8.019	7.917	7.804	7.952	7.852	7.957	7.833	7.76	8.003	7.947	7.772	8.044	7.904	7.761	8.013	7.888	4.776	1.479	4.631	6.009	6.719	7.323	7.141	7.523	7.624	7.698	7.616	8.019	7.665	8.113	7.969	7.866	7.888	7.594	8.069	7.909	7.736	7.846	7.696	7.974	7.86	7.753	8.087	7.756	7.804	7.885	7.794	8.044	7.907	7.613	7.761	7.85	7.968	7.753	7.69	8.001	7.874	7.871	7.9	7.722	8.011	7.942	7.586	7.921	7.698	7.871	7.804	7.747	7.986	7.913	7.789	7.861	7.772	8.053	7.86	7.613	7.888	7.913	7.861	7.908	7.606	8.005	7.868	7.73	7.908	7.741	7.964	7.931	7.791	7.974	7.853	7.806	7.798	7.741	7.974	7.819	7.653	8.038	7.852	7.877	7.756	7.736	8.016	7.816	7.714	7.871	7.72	7.833	7.848	7.626	8.006	7.793	7.781	7.902	7.766	8.036	4.893	1.597	5.039	6.185	6.951	7.526	7.471	7.738	7.617	7.869	7.684	7.878	7.684	7.904	7.671	7.849	7.628	7.885	7.665	7.925	7.691	7.902	7.637	7.846	7.683	7.773	7.702	7.934	7.708	7.791	7.676	7.856	7.689	7.739	7.921	7.839	7.876	7.768	7.821	7.775	7.888	7.756	7.923	7.75	7.846	7.779	7.934	7.721	7.871	7.593	7.909	7.699	7.931	7.773	7.968	7.578	7.934	7.624	7.97	7.739	7.928	7.691	7.801	7.703	7.866	7.63	7.836	7.689	7.882	7.72	7.795	7.638	7.831	7.761	7.842	7.811	7.806	7.763	7.835	7.904	7.752	7.814	7.701	7.973	7.774	7.858	7.795	7.896	7.661	7.976	7.629	7.91	7.806	7.957	7.736	7.84	7.653	7.844	7.669	7.933	10.76	12.404	10.521	9.429	8.75	8.376	8.199	7.826	8.139	7.929	7.811	7.852	7.746	8.041	7.884	7.773	7.911	7.777	8.012	7.905	7.646	7.926	7.781	7.944	7.846	7.647	8.033	7.854	7.815	7.846	7.727	8.079	7.866	7.859	7.956	7.701	8.091	7.863	7.741	7.867	7.76	8.021	7.943	7.664	7.898	7.837	7.991	7.86	7.691	7.963	7.808	7.877	7.829	7.737	8.154	7.806	7.758	7.846	7.699	8.089	7.899	7.793	7.843	7.643	7.986	7.845	7.654	7.934	7.796	7.955	7.869	7.626	7.99	7.835	8.009	7.926	7.689	7.989	7.879	7.916	7.835	7.637	7.986	7.838	7.756	7.924	7.683	8.102	7.821	7.827	7.941	7.648	7.969	7.881	7.738	7.881	7.799	8.148	7.854	7.693	9.565	10.323	9.354	8.579	8.472	8.128	8.139	7.954	8.154	7.964	7.744	8	7.896	7.846	7.923	7.788	8.053	7.871	7.734	8.038	7.833	7.749	7.905	7.676	8.056	7.926	7.733	8.005	7.887	7.849	7.91	7.806	8.055	7.902	7.659	7.873	7.829	7.827	7.824	7.779	8.087	7.928	7.774	7.97	7.769	8.001	7.896	7.698	7.953	7.902	7.804	7.973	7.772	7.978	7.921	7.709	7.983	7.867	7.753	7.908	7.752	8.022	7.881	7.709	8.016	7.874	7.869	7.885	7.754	8.034	7.904	7.703	7.917	7.902	7.846	7.881	7.737	8.046	7.775	7.73	8.006	7.864	7.859	7.911	7.739	8.004	7.857	7.684	7.971	7.829	7.907	7.885	7.68	7.98	7.89	7.744	7.927	7.795	7.908	7.919	7.743	7.992	7.919	7.773	7.955	7.823	7.963	7.876	7.738	8.036
7.623	0.843	0.489	0.022	0.009	0.003	0.004	0.006	0.003	0	0.006	0.008	0.001	0.003	0.007	0.009	0	0	0.005	0.005	0.006	0.003	0.005	0.006	0.001	0.001	0	0.001	0	0.003	0.003	0.001	0.003	0.009	0.001	0.003	0.003	0.004	0.003	0.001	0.003	0.006	0.011	0.003	0	0.006	0.005	0.001	0.004	0.007	0.005	0.001	0.001	0	0.003	0	0.001	0.001	0.003	0.003	0.005	0	0.003	0.001	0.003	0.003	0.003	0.003	0.003	0.008	0	0	0.001	0.001	0	0.001	0.003	0	0.005	0.006	0	0	0	0.003	0	0.003	0.004	0.001	0	0	0	0.003	0.001	0	9.771	20.479	18.127	15.752	13.765	11.701	7.404	7.386	7.422	7.41	7.398	7.404	7.431	7.392	7.406	7.414	7.411	7.421	7.412	7.396	7.408	7.392	7.406	7.408	7.416	7.406	7.401	7.418	7.408	7.414	7.421	7.387	7.424	7.433	7.418	7.414	7.406	7.41	7.406	7.395	7.389	7.395	7.41	7.396	7.349	7.431	7.406	7.397	7.425	7.374	7.399	7.395	7.391	7.403	7.416	7.418	7.383	7.408	7.399	7.422	7.401	7.412	7.402	7.421	7.413	7.359	7.414	7.379	7.408	7.404	7.38	7.398	7.401	7.395	7.391	7.402	7.408	7.413	7.392	7.408	7.396	7.392	7.411	7.383	7.384	7.445	7.409	7.416	7.401	7.416	7.406	7.4	7.424	7.398	7.428	7.402	6.468	6.659	7.629	7.85	7.85	7.738	7.514	7.516	7.518	7.49	7.526	7.471	7.413	7.444	7.428	7.45	7.443	7.392	7.399	7.416	7.449	7.45	7.389	7.359	7.398	7.402	7.44	7.378	7.364	7.366	7.37	7.423	7.395	7.328	7.379	7.394	7.408	7.391	7.299	7.306	7.375	7.384	7.439	7.347	7.295	7.352	7.376	7.421	7.388	7.341	7.353	7.398	7.397	7.425	7.339	7.363	7.369	7.431	7.425	7.329	7.319	7.346	7.381	7.412	7.4	7.306	7.353	7.373	7.417	7.419	7.321	7.337	7.364	7.375	7.392	7.338	7.356	7.358	7.374	7.377	7.389	7.319	7.333	7.374	7.408	7.363	7.356	7.304	7.356	7.391	7.413	7.334	7.366	7.353	7.376	7.411	7.395	7.324	7.376	7.368	4.693	0.883	4.228	5.906	6.591	6.825	7.079	7.108	7.024	7.074	7.251	7.229	7.327	7.353	7.164	7.138	7.267	7.291	7.464	7.422	7.189	7.226	7.393	7.333	7.436	7.204	7.232	7.247	7.266	7.333	7.348	7.238	7.177	7.207	7.268	7.299	7.449	7.284	7.186	7.236	7.276	7.377	7.406	7.383	7.151	7.233	7.194	7.349	7.429	7.151	7.358	7.234	7.291	7.371	7.311	7.234	7.148	7.234	7.328	7.356	7.361	7.142	7.218	7.284	7.453	7.375	7.303	7.243	7.188	7.355	7.348	7.354	7.254	7.189	7.251	7.349	7.339	7.326	7.236	7.249	7.246	7.254	7.445	7.464	7.271	7.215	7.274	7.249	7.314	7.354	7.315	7.246	7.23	7.446	7.399	7.339	7.318	7.231	7.244	7.337	10.174	12.268	10.353	8.986	7.574	7.581	7.558	7.563	7.548	7.557	7.529	7.488	7.483	7.5	7.482	7.487	7.501	7.459	7.404	7.402	7.423	7.441	7.449	7.391	7.354	7.402	7.423	7.406	7.376	7.318	7.362	7.404	7.394	7.353	7.351	7.374	7.389	7.363	7.418	7.345	7.369	7.341	7.397	7.417	7.318	7.274	7.355	7.368	7.396	7.327	7.318	7.366	7.414	7.404	7.344	7.316	7.344	7.363	7.404	7.379	7.331	7.38	7.364	7.364	7.319	7.343	7.335	7.341	7.419	7.358	7.328	7.324	7.383	7.381	7.354	7.309	7.346	7.335	7.373	7.379	7.359	7.328	7.356	7.359	7.378	7.374	7.327	7.339	7.351	7.376	7.338	7.32	7.361	7.395	7.376	7.355	7.287	7.322	7.352	7.378	7.658	7.368	7.347	7.406	7.418	7.403	7.354	7.401	7.375	7.379	7.414	7.386	7.361	7.398	7.41	7.391	7.396	7.368	7.412	7.421	7.394	7.379	7.41	7.422	7.395	7.421	7.409	7.389	7.456	7.375	7.368	7.391	7.429	7.404	7.389	7.384	7.393	7.399	7.411	7.384	7.414	7.403	7.409	7.419	7.391	7.408	7.416	7.431	7.383	7.394	7.396	7.411	7.402	7.398	7.368	7.397	7.431	7.383	7.381	7.392	7.429	7.41	7.406	7.409	7.388	7.402	7.402	7.42	7.433	7.421	7.413	7.391	7.4	7.377	7.433	7.395	7.429	7.38	7.435	7.411	7.388	7.413	7.422	7.456	7.418	7.388	7.41	7.443	7.433	7.384	7.413	7.399	7.426	7.419	7.417	7.421	7.425	7.428	7.408	7.42	7.406	7.446	7.462	7.409	7.436	7.413	7.431	7.439	7.411	7.402
7.378	0.834	0.55	0.023	0.004	0.006	0.004	0.001	0.004	0.003	0.003	0	0.001	0	0	0	0	0	0.004	0.006	0.001	0	0.003	0.001	0	0.001	0.004	0	0	0	0	0.001	0	0.001	0.001	0.003	0.001	0.001	0	0.003	0	0.003	0.001	0.001	0	0.003	0.006	0	0.003	0.005	0.001	0	0.003	0.003	0.004	0.006	0.003	0.001	0.003	0.003	0.005	0.004	0.004	0.003	0.004	0.004	0.001	0.001	0.004	0.004	0	0.003	0.003	0.009	0.003	0.004	0.005	0.003	0.003	0.003	0.003	0.001	0.005	0.009	0	0	0.004	0.005	0.001	0.003	0.008	0.009	0	0.003	0	0.004	0.001	0.003	20.479	18.192	15.821	13.773	10.904	7.406	7.375	7.389	7.38	7.398	7.385	7.408	7.376	7.364	7.398	7.422	7.378	7.383	7.358	7.403	7.368	7.417	7.378	7.372	7.387	7.384	7.389	7.384	7.392	7.359	7.383	7.398	7.373	7.41	7.41	7.36	7.389	7.383	7.385	7.398	7.409	7.384	7.373	7.381	7.376	7.391	7.414	7.385	7.416	7.402	7.386	7.387	7.385	7.404	7.391	7.399	7.397	7.395	7.38	7.372	7.389	7.419	7.37	7.381	7.381	7.423	7.372	7.366	7.383	7.394	7.388	7.391	7.366	7.404	7.388	7.387	7.396	7.387	7.37	7.398	7.386	7.378	7.361	7.408	7.366	7.391	7.401	7.337	7.386	7.379	7.388	7.381	6.388	6.587	7.697	7.888	7.865	7.8	7.442	7.461	7.474	7.473	7.488	7.448	7.425	7.434	7.434	7.465	7.401	7.381	7.422	7.408	7.44	7.417	7.384	7.384	7.422	7.424	7.429	7.333	7.328	7.378	7.383	7.408	7.352	7.326	7.363	7.393	7.411	7.341	7.337	7.341	7.381	7.399	7.37	7.298	7.324	7.358	7.41	7.358	7.291	7.356	7.368	7.402	7.383	7.324	7.339	7.353	7.411	7.349	7.307	7.341	7.36	7.403	7.33	7.285	7.363	7.356	7.404	7.343	7.316	7.339	7.42	7.379	7.372	7.346	7.333	7.375	7.396	7.353	7.331	7.343	7.368	7.412	7.333	7.298	7.324	7.398	7.398	7.348	7.332	7.364	7.383	7.406	7.323	7.307	7.341	7.371	7.379	7.349	7.291	7.323	4.291	0.815	0.807	0.872	0.901	0.909	0.916	0.953	0.99	1.023	1.027	1.035	1.039	1.033	1.04	1.036	1.031	1.044	1.042	1.055	1.035	1.044	1.048	1.051	1.054	1.044	1.04	1.056	1.06	1.063	1.064	1.071	1.071	1.063	1.056	1.052	1.054	1.066	1.054	1.066	1.067	1.066	1.061	1.058	1.058	1.059	1.064	1.063	1.068	1.058	1.057	1.071	1.063	1.054	1.069	1.061	1.058	1.069	1.058	1.061	1.071	1.065	1.071	1.064	1.063	1.071	1.056	1.063	1.066	1.055	1.061	1.071	1.063	1.063	1.069	1.063	1.078	1.078	1.052	1.065	1.063	1.067	1.072	1.057	1.063	1.071	1.068	1.067	1.071	1.063	1.082	1.065	1.065	1.06	1.057	1.072	1.068	1.058	1.074	1.069	1.089	1.118	1.115	1.108	1.106	1.121	1.113	1.113	1.12	1.116	1.108	1.118	1.116	1.113	1.106	1.121	1.109	1.113	1.105	1.117	1.115	1.111	1.119	1.114	1.113	1.114	1.108	1.111	1.109	1.119	1.109	1.115	1.109	1.115	1.119	1.111	1.109	1.113	1.106	1.106	1.119	1.116	1.111	1.113	1.111	1.121	1.108	1.108	1.113	1.106	1.119	1.119	1.107	1.103	1.117	1.113	1.107	1.108	1.117	1.111	1.115	1.111	1.114	1.109	1.124	1.122	1.111	1.106	1.108	1.113	1.109	1.107	1.113	1.109	1.113	1.12	1.118	1.117	1.113	1.117	1.111	1.115	1.109	1.106	1.106	1.108	1.12	1.109	1.111	1.12	1.113	1.113	1.111	1.117	1.113	1.115	1.113	1.111	1.111	1.105	1.119	1.124	1.126	1.12	1.131	1.13	1.124	1.122	1.133	1.138	1.126	1.128	1.131	1.125	1.119	1.128	1.136	1.126	1.13	1.133	1.138	1.122	1.134	1.136	1.133	1.124	1.133	1.136	1.13	1.121	1.126	1.129	1.132	1.136	1.121	1.131	1.128	1.124	1.128	1.131	1.136	1.129	1.125	1.126	1.132	1.126	1.128	1.143	1.131	1.12	1.119	1.133	1.132	1.133	1.136	1.133	1.126	1.122	1.121	1.126	1.132	1.122	1.132	1.133	1.136	1.128	1.122	1.138	1.131	1.128	1.129	1.131	1.136	1.126	1.134	1.134	1.129	1.122	1.124	1.128	1.133	1.131	1.138	1.129	1.125	1.128	1.134	1.124	1.125	1.129	1.13	1.132	1.123	1.128	1.125	1.126	1.128	1.136	1.136	1.125	1.119	1.128	1.136	1.138	1.126	1.138	1.129	1.126	1.133	1.128
7.433	0.837	0.356	0.051	0.008	0.006	0.001	0.003	0.001	0.003	0.003	0.001	0.005	0.004	0.001	0.008	0.009	0.004	0	0.003	0.003	0.004	0.006	0.005	0.003	0.003	0.003	0	0.003	0.005	0.004	0.004	0.003	0.004	0.009	0.003	0.005	0.005	0.006	0.001	0.003	0.004	0.004	0.004	0.006	0	0	0.005	0.004	0.004	0.005	0.007	0.006	0.001	0.001	0	0.004	0.003	0.001	0.005	0.004	0.009	0.003	0.003	0.006	0.003	0.003	0.003	0.003	0	0.003	0.006	0.001	0.003	0.003	0.004	0.005	0.003	0.001	0.005	0.011	0.001	0	0.005	0.004	0.003	0.003	0.008	0.008	0	0.001	0.001	0.001	0.003	0.004	0	20.479	19.985	17.266	14.943	13.049	7.416	7.381	7.349	7.354	7.364	7.366	7.354	7.379	7.364	7.363	7.364	7.337	7.378	7.371	7.351	7.356	7.362	7.343	7.356	7.354	7.349	7.369	7.374	7.355	7.358	7.374	7.352	7.351	7.368	7.343	7.364	7.391	7.368	7.373	7.359	7.364	7.355	7.385	7.356	7.344	7.38	7.383	7.351	7.369	7.385	7.358	7.358	7.351	7.352	7.362	7.374	7.343	7.347	7.383	7.327	7.364	7.389	7.368	7.352	7.343	7.326	7.351	7.378	7.358	7.372	7.356	7.337	7.351	7.36	7.371	7.361	7.353	7.37	7.413	7.369	7.372	7.375	7.374	7.364	7.356	7.364	7.339	7.355	7.377	7.343	7.388	7.379	7.343	7.326	6.609	6.941	7.788	7.888	7.475	7.516	7.529	7.546	7.504	7.492	7.473	7.441	7.521	7.491	7.421	7.389	7.428	7.477	7.453	7.424	7.361	7.392	7.419	7.401	7.439	7.385	7.419	7.377	7.427	7.354	7.285	7.323	7.341	7.355	7.343	7.284	7.396	7.378	7.389	7.335	7.32	7.291	7.337	7.402	7.314	7.251	7.333	7.341	7.4	7.351	7.303	7.339	7.414	7.363	7.391	7.339	7.31	7.347	7.329	7.274	7.309	7.331	7.374	7.369	7.313	7.294	7.4	7.363	7.326	7.309	7.361	7.366	7.346	7.366	7.371	7.307	7.386	7.412	7.339	7.289	7.305	7.381	7.383	7.258	7.314	7.358	7.316	7.335	7.284	7.316	7.363	7.341	7.353	7.266	7.304	7.326	7.366	7.333	7.299	7.32	4.712	0.818	4.343	5.917	6.398	6.754	6.988	7.146	7.077	7.175	7.135	7.156	7.213	7.329	7.27	7.203	7.219	7.257	7.318	7.358	7.238	7.213	7.155	7.406	7.295	7.192	7.201	7.333	7.241	7.346	7.32	7.164	7.276	7.249	7.299	7.361	7.243	7.143	7.279	7.244	7.369	7.323	7.126	7.159	7.328	7.349	7.27	7.291	7.236	7.291	7.319	7.352	7.337	7.132	7.253	7.266	7.242	7.253	7.308	7.199	7.222	7.293	7.223	7.338	7.273	7.194	7.276	7.236	7.333	7.321	7.184	7.203	7.278	7.284	7.371	7.295	7.168	7.206	7.259	7.268	7.344	7.232	7.2	7.197	7.278	7.369	7.245	7.178	7.15	7.293	7.218	7.333	7.338	7.258	7.183	7.247	7.29	7.301	7.244	7.217	10.628	12.303	10.194	7.384	7.374	7.431	7.464	7.402	7.45	7.441	7.513	7.481	7.479	7.492	7.496	7.548	7.515	7.515	7.509	7.484	7.508	7.513	7.487	7.451	7.488	7.452	7.484	7.44	7.397	7.404	7.412	7.433	7.378	7.346	7.396	7.378	7.393	7.374	7.298	7.373	7.369	7.385	7.355	7.291	7.343	7.349	7.381	7.321	7.297	7.298	7.329	7.341	7.316	7.327	7.347	7.351	7.376	7.354	7.274	7.345	7.358	7.321	7.294	7.319	7.309	7.341	7.376	7.326	7.291	7.328	7.359	7.374	7.308	7.308	7.312	7.333	7.345	7.253	7.309	7.338	7.351	7.353	7.255	7.305	7.319	7.324	7.324	7.299	7.33	7.363	7.349	7.351	7.293	7.286	7.332	7.372	7.315	7.319	7.31	7.333	7.674	7.335	7.387	7.351	7.358	7.359	7.395	7.337	7.353	7.361	7.366	7.359	7.368	7.366	7.377	7.377	7.334	7.355	7.368	7.383	7.356	7.373	7.343	7.379	7.353	7.335	7.378	7.372	7.353	7.363	7.392	7.368	7.362	7.394	7.363	7.376	7.361	7.393	7.366	7.362	7.383	7.368	7.385	7.354	7.389	7.347	7.395	7.381	7.364	7.373	7.402	7.378	7.352	7.364	7.391	7.391	7.362	7.391	7.352	7.38	7.359	7.364	7.358	7.401	7.414	7.368	7.375	7.376	7.393	7.381	7.354	7.353	7.393	7.398	7.408	7.373	7.395	7.409	7.388	7.397	7.364	7.423	7.387	7.371	7.397	7.356	7.411	7.389	7.408	7.362	7.38	7.406	7.383	7.383	7.383	7.387	7.422	7.439	7.389	7.414	7.404	7.38	7.38	7.389	7.454	7.406	7.41	7.376	7.398	7.452
7.318	0.911	0.476	0.044	0.006	0.007	0.003	0.005	0.001	0.001	0.003	0.003	0.005	0.006	0.001	0.001	0.005	0.004	0.003	0.007	0.006	0.006	0.001	0.003	0	0.001	0.001	0.003	0.003	0	0.006	0.008	0.003	0.004	0.005	0.003	0.003	0.001	0.001	0.003	0.003	0.004	0.001	0.005	0.005	0.001	0.003	0.003	0	0.005	0.009	0	0	0.003	0.003	0	0.003	0.003	0.006	0	0	0	0.003	0.001	0	0.003	0.003	0.005	0.001	0	0.004	0	0	0.003	0.001	0	0.005	0.008	0.001	0	0.004	0.003	0	0.005	0.004	0.003	0.003	0.003	0	0.001	0.003	0.003	0.006	0.003	0.004	20.479	19.972	17.208	14.914	12.947	7.392	7.385	7.355	7.381	7.38	7.387	7.358	7.343	7.349	7.386	7.369	7.356	7.374	7.373	7.354	7.374	7.358	7.358	7.341	7.346	7.364	7.364	7.364	7.361	7.371	7.354	7.369	7.358	7.351	7.375	7.366	7.388	7.354	7.381	7.362	7.332	7.371	7.383	7.377	7.37	7.363	7.373	7.378	7.358	7.351	7.364	7.366	7.354	7.364	7.377	7.372	7.362	7.36	7.37	7.398	7.372	7.38	7.376	7.361	7.351	7.347	7.4	7.333	7.359	7.376	7.387	7.377	7.366	7.373	7.366	7.371	7.356	7.343	7.387	7.396	7.368	7.383	7.347	7.377	7.373	7.339	7.368	7.394	7.371	7.356	7.374	7.368	7.374	7.368	7.359	6.563	6.978	7.848	7.953	7.526	7.542	7.501	7.518	7.536	7.496	7.523	7.53	7.446	7.471	7.442	7.453	7.488	7.428	7.396	7.449	7.453	7.434	7.404	7.354	7.38	7.409	7.386	7.359	7.318	7.324	7.348	7.375	7.386	7.328	7.368	7.409	7.372	7.339	7.335	7.338	7.338	7.412	7.33	7.303	7.333	7.381	7.373	7.343	7.319	7.334	7.398	7.378	7.333	7.314	7.332	7.366	7.371	7.356	7.337	7.324	7.379	7.356	7.296	7.333	7.352	7.421	7.389	7.336	7.295	7.299	7.394	7.359	7.278	7.319	7.278	7.375	7.344	7.341	7.371	7.316	7.361	7.348	7.316	7.339	7.349	7.358	7.344	7.326	7.333	7.322	7.358	7.341	7.266	7.321	7.335	7.386	7.329	7.297	7.356	7.353	4.526	1.025	4.544	5.898	6.646	6.773	6.941	7.133	7.189	7.117	7.121	7.112	7.219	7.169	7.262	7.129	7.202	7.285	7.286	7.236	7.399	7.194	7.133	7.322	7.369	7.381	7.236	7.194	7.117	7.236	7.295	7.336	7.316	7.191	7.196	7.288	7.341	7.309	7.241	7.186	7.247	7.291	7.341	7.297	7.293	7.181	7.196	7.245	7.327	7.383	7.089	7.244	7.364	7.295	7.343	7.222	7.18	7.341	7.335	7.272	7.29	7.155	7.219	7.255	7.406	7.318	7.204	7.218	7.304	7.32	7.347	7.281	7.114	7.236	7.28	7.303	7.281	7.333	7.166	7.211	7.337	7.324	7.359	7.349	7.126	7.193	7.294	7.387	7.4	7.19	7.101	7.169	7.301	7.389	7.347	7.182	7.14	7.289	7.298	7.351	10.54	12.302	10.36	7.353	7.377	7.413	7.454	7.468	7.434	7.423	7.488	7.494	7.494	7.488	7.491	7.496	7.542	7.528	7.538	7.506	7.513	7.487	7.509	7.503	7.446	7.473	7.478	7.461	7.471	7.354	7.41	7.41	7.429	7.391	7.397	7.406	7.426	7.408	7.356	7.311	7.326	7.356	7.408	7.374	7.318	7.333	7.353	7.376	7.372	7.333	7.343	7.403	7.353	7.377	7.323	7.331	7.32	7.372	7.346	7.318	7.366	7.356	7.347	7.372	7.315	7.353	7.306	7.375	7.318	7.278	7.347	7.37	7.358	7.333	7.284	7.348	7.362	7.371	7.341	7.313	7.316	7.393	7.359	7.319	7.318	7.358	7.363	7.355	7.296	7.322	7.348	7.368	7.345	7.309	7.322	7.376	7.341	7.337	7.313	7.368	7.577	7.347	7.384	7.366	7.364	7.389	7.348	7.391	7.358	7.366	7.368	7.406	7.372	7.383	7.388	7.381	7.421	7.383	7.356	7.374	7.386	7.37	7.392	7.416	7.36	7.394	7.371	7.359	7.391	7.383	7.384	7.374	7.398	7.356	7.421	7.389	7.385	7.385	7.402	7.396	7.366	7.396	7.372	7.411	7.368	7.373	7.376	7.397	7.426	7.374	7.378	7.349	7.406	7.392	7.368	7.389	7.394	7.383	7.376	7.41	7.37	7.406	7.404	7.372	7.356	7.416	7.395	7.359	7.378	7.384	7.398	7.393	7.406	7.392	7.406	7.384	7.362	7.377	7.366	7.397	7.395	7.388	7.384	7.397	7.398	7.374	7.374	7.406	7.433	7.397	7.38	7.385	7.384	7.404	7.384	7.427	7.383	7.402	7.411	7.388	7.374	7.402	7.439	7.394	7.372	7.428	7.429	7.42	7.408	7.381
7.225	0.876	0.39	0.103	0.003	0.003	0	0	0.001	0.004	0.003	0.001	0.003	0.006	0.007	0.003	0.001	0.003	0	0.001	0.004	0.003	0.001	0.007	0.009	0	0	0.004	0.003	0	0.003	0.009	0.007	0.004	0.001	0	0.001	0.001	0.003	0.001	0.003	0.007	0.011	0.001	0.004	0.001	0.005	0.003	0	0.004	0.007	0.004	0.003	0	0.005	0.001	0	0.003	0.001	0	0.003	0.008	0	0	0.001	0.003	0.001	0.001	0.005	0.008	0	0	0	0.003	0.001	0	0.003	0.004	0.003	0.003	0	0.004	0.001	0.003	0	0.003	0.003	0.005	0.009	0	0	0.003	0.004	0.003	2.606	20.479	17.886	15.617	13.453	7.736	7.412	7.469	7.482	7.46	7.481	7.466	7.471	7.486	7.469	7.438	7.481	7.448	7.506	7.525	7.439	7.468	7.458	7.456	7.504	7.46	7.42	7.471	7.456	7.498	7.424	7.496	7.446	7.473	7.468	7.504	7.429	7.481	7.465	7.464	7.454	7.488	7.473	7.462	7.482	7.459	7.417	7.467	7.464	7.416	7.416	7.449	7.496	7.471	7.462	7.418	7.435	7.502	7.476	7.458	7.482	7.442	7.435	7.473	7.473	7.473	7.459	7.435	7.454	7.477	7.433	7.448	7.471	7.482	7.491	7.468	7.454	7.498	7.507	7.445	7.423	7.426	7.474	7.479	7.483	7.488	7.491	7.514	7.464	7.453	7.487	7.438	7.525	7.488	7.45	7.452	6.706	6.876	7.911	7.996	7.995	7.636	7.563	7.628	7.568	7.601	7.613	7.578	7.539	7.498	7.504	7.523	7.571	7.488	7.446	7.508	7.51	7.5	7.528	7.458	7.444	7.398	7.51	7.558	7.5	7.452	7.411	7.399	7.467	7.469	7.469	7.479	7.412	7.464	7.441	7.504	7.449	7.364	7.473	7.444	7.425	7.473	7.431	7.391	7.436	7.431	7.456	7.511	7.454	7.389	7.429	7.506	7.459	7.506	7.403	7.425	7.385	7.45	7.439	7.468	7.398	7.448	7.41	7.464	7.483	7.475	7.364	7.411	7.445	7.458	7.446	7.446	7.442	7.424	7.446	7.414	7.492	7.513	7.471	7.437	7.395	7.426	7.468	7.478	7.444	7.393	7.461	7.454	7.422	7.483	7.329	7.388	7.398	7.448	7.484	7.456	4.44	0.943	4.454	5.759	6.553	6.898	7.017	7.169	7.352	7.406	7.305	7.168	7.304	7.408	7.441	7.498	7.331	7.242	7.311	7.337	7.392	7.441	7.468	7.261	7.33	7.358	7.349	7.438	7.417	7.358	7.163	7.291	7.355	7.516	7.479	7.234	7.356	7.274	7.334	7.422	7.424	7.385	7.221	7.344	7.464	7.653	7.381	7.391	7.504	7.444	7.2	7.674	7.433	7.308	7.324	7.441	7.428	7.521	7.202	7.616	7.486	7.486	7.219	7.423	7.327	7.485	7.318	7.417	7.36	7.408	7.381	7.423	7.236	7.394	7.383	7.328	7.188	7.465	7.453	7.358	7.332	7.256	7.253	7.395	7.416	7.516	7.341	7.341	7.28	7.228	7.312	7.439	7.507	7.436	7.4	7.324	7.408	7.41	7.485	7.358	10.831	12.291	10.201	7.516	7.534	7.644	7.633	7.622	7.607	7.632	7.628	7.646	7.639	7.618	7.558	7.53	7.569	7.554	7.563	7.528	7.481	7.5	7.486	7.506	7.508	7.496	7.513	7.464	7.422	7.458	7.483	7.501	7.543	7.366	7.351	7.402	7.491	7.504	7.494	7.348	7.456	7.462	7.473	7.414	7.387	7.366	7.444	7.45	7.458	7.49	7.435	7.433	7.438	7.464	7.462	7.443	7.398	7.441	7.446	7.433	7.502	7.452	7.45	7.439	7.46	7.471	7.44	7.422	7.375	7.402	7.459	7.499	7.498	7.429	7.381	7.362	7.467	7.49	7.429	7.381	7.423	7.421	7.443	7.498	7.496	7.475	7.339	7.353	7.448	7.449	7.475	7.439	7.411	7.411	7.438	7.454	7.444	7.444	7.363	7.431	7.792	7.434	7.458	7.487	7.454	7.488	7.462	7.471	7.511	7.503	7.469	7.484	7.461	7.475	7.481	7.446	7.479	7.471	7.503	7.465	7.504	7.469	7.459	7.483	7.486	7.473	7.479	7.437	7.464	7.485	7.496	7.461	7.491	7.473	7.477	7.487	7.475	7.464	7.496	7.486	7.511	7.486	7.502	7.478	7.475	7.471	7.479	7.504	7.494	7.461	7.511	7.506	7.499	7.489	7.477	7.45	7.468	7.488	7.486	7.473	7.481	7.511	7.493	7.475	7.477	7.471	7.504	7.529	7.513	7.466	7.486	7.489	7.528	7.525	7.51	7.516	7.488	7.46	7.524	7.521	7.473	7.506	7.494	7.498	7.51	7.499	7.482	7.486	7.496	7.493	7.504	7.528	7.504	7.528	7.511	7.503	7.473	7.502	7.454	7.464	7.534	7.526	7.529	7.527	7.504	7.513	7.564	7.521	7.503	7.506
7.582	0.884	0.657	0.023	0.005	0.005	0.001	0.001	0.003	0.005	0	0	0.003	0.003	0	0.001	0.003	0.007	0	0	0	0.003	0	0.003	0.004	0.001	0.001	0.004	0	0.003	0	0.001	0	0	0	0.001	0.006	0	0	0.001	0.003	0.003	0	0.006	0.003	0.006	0.003	0	0.004	0	0.003	0.003	0.001	0.004	0.005	0.001	0.001	0.001	0.004	0.004	0.003	0	0.004	0.007	0.001	0.003	0.005	0.005	0.004	0.003	0.004	0.005	0.007	0.001	0	0.003	0.001	0.003	0.003	0.006	0.005	0.004	0.003	0	0.001	0.003	0.005	0.003	0.001	0.005	0.011	0.001	0.003	0.004	13.596	20.479	17.604	15.054	13.095	11.671	10.565	9.741	9.252	8.855	8.592	8.438	8.232	8.139	8.083	8.023	8.011	8.071	8.016	7.919	7.907	7.887	7.961	7.934	7.891	7.858	7.828	7.9	7.909	7.933	7.89	7.81	7.824	7.859	7.908	7.89	7.821	7.806	7.826	7.866	7.906	7.907	7.834	7.811	7.812	7.837	7.921	7.933	7.817	7.789	7.814	7.858	7.891	7.869	7.848	7.772	7.773	7.833	7.862	7.921	7.875	7.836	7.779	7.806	7.844	7.889	7.905	7.823	7.758	7.789	7.819	7.871	7.887	7.846	7.808	7.771	7.794	7.848	7.854	7.845	7.76	7.766	7.779	7.844	7.831	7.821	7.756	7.772	7.792	7.793	7.837	7.833	7.808	7.752	7.773	7.819	4.907	1.155	4.688	6.139	6.791	7.161	7.421	7.577	7.628	7.814	7.771	7.826	7.845	7.611	7.636	7.653	7.768	7.788	7.804	7.792	7.729	7.702	7.659	7.744	7.605	7.791	7.818	7.778	7.755	7.645	7.681	7.604	7.718	7.774	7.758	7.848	7.766	7.653	7.69	7.643	7.658	7.741	7.798	7.769	7.839	7.764	7.685	7.636	7.624	7.781	7.741	7.758	7.749	7.786	7.634	7.672	7.655	7.706	7.744	7.772	7.802	7.808	7.668	7.634	7.603	7.662	7.716	7.795	7.798	7.766	7.666	7.631	7.71	7.741	7.746	7.753	7.802	7.797	7.699	7.705	7.638	7.772	7.734	7.706	7.798	7.796	7.691	7.749	7.668	7.648	7.713	7.728	7.773	7.718	7.785	7.686	7.645	7.679	7.67	7.734	4.939	1.43	5.16	6.344	6.893	7.194	7.426	7.64	7.578	7.581	7.672	7.496	7.609	7.586	7.734	7.676	7.718	7.662	7.732	7.718	7.758	7.632	7.66	7.549	7.582	7.595	7.561	7.739	7.575	7.664	7.676	7.723	7.749	7.758	7.81	7.781	7.658	7.634	7.54	7.589	7.577	7.614	7.605	7.678	7.649	7.769	7.821	7.729	7.653	7.66	7.665	7.674	7.619	7.569	7.574	7.55	7.683	7.634	7.676	7.643	7.629	7.674	7.688	7.64	7.783	7.819	7.705	7.684	7.584	7.571	7.657	7.573	7.573	7.691	7.669	7.779	7.809	7.674	7.804	7.563	7.55	7.628	7.597	7.606	7.73	7.697	7.712	7.926	7.766	7.729	7.761	7.626	7.448	7.559	7.609	7.593	7.582	7.649	7.904	7.764	10.696	12.425	10.538	9.258	8.513	8.102	7.984	7.898	7.863	7.869	7.743	7.727	7.699	7.689	7.726	7.714	7.708	7.785	7.762	7.751	7.698	7.664	7.679	7.672	7.672	7.732	7.75	7.796	7.756	7.729	7.63	7.701	7.701	7.653	7.696	7.766	7.781	7.741	7.651	7.637	7.664	7.741	7.749	7.778	7.791	7.769	7.71	7.664	7.668	7.701	7.705	7.741	7.741	7.762	7.704	7.684	7.691	7.691	7.643	7.714	7.741	7.775	7.766	7.688	7.671	7.695	7.691	7.664	7.707	7.761	7.747	7.818	7.73	7.668	7.581	7.668	7.693	7.726	7.728	7.772	7.824	7.688	7.674	7.644	7.653	7.671	7.727	7.724	7.798	7.77	7.736	7.672	7.671	7.665	7.665	7.727	7.745	7.764	7.791	7.739	9.53	10.088	9.194	8.537	8.177	8.076	8.003	7.94	7.871	7.779	7.749	7.781	7.737	7.743	7.831	7.789	7.783	7.769	7.676	7.694	7.737	7.776	7.823	7.785	7.676	7.718	7.651	7.727	7.773	7.803	7.806	7.804	7.733	7.653	7.701	7.771	7.768	7.766	7.732	7.818	7.766	7.698	7.685	7.706	7.711	7.751	7.733	7.798	7.784	7.716	7.693	7.719	7.698	7.747	7.844	7.784	7.763	7.684	7.699	7.709	7.739	7.749	7.766	7.749	7.714	7.657	7.727	7.722	7.756	7.808	7.821	7.736	7.628	7.693	7.622	7.766	7.789	7.76	7.804	7.795	7.723	7.688	7.686	7.727	7.747	7.797	7.786	7.775	7.684	7.678	7.671	7.691	7.685	7.758	7.75	7.762	7.744	7.654	7.708	7.733	7.735	7.791	7.724	7.766	7.684	7.662	7.687	7.726	7.779	7.814
8.047	0.934	0.367	0.098	0.005	0.004	0.003	0.005	0	0.004	0	0.001	0.003	0	0.001	0.003	0	0	0.001	0.001	0	0.003	0.007	0	0	0.003	0.001	0.003	0.001	0.004	0.003	0.008	0.003	0	0.003	0.003	0.001	0.004	0.004	0.003	0.001	0.003	0	0.005	0.003	0.007	0.005	0.001	0.005	0.007	0.003	0.008	0.004	0.005	0.006	0.004	0.003	0.005	0.006	0.001	0	0.007	0.005	0.005	0.003	0.008	0.006	0	0.001	0	0.003	0.001	0.003	0.003	0.004	0.006	0.003	0.001	0	0.001	0.001	0.003	0.003	0.003	0.004	0.006	0	0.003	0.003	0.004	0.001	0.005	0.006	0.004	3.459	20.11	17.018	14.456	12.689	10.903	10.106	9.275	8.79	8.525	8.316	8.214	8.173	8.074	7.963	7.906	7.931	7.868	7.915	8.009	7.999	7.947	7.858	7.796	7.802	7.892	7.863	7.873	7.898	7.852	7.959	7.873	7.811	7.795	7.731	7.894	7.861	7.883	7.923	7.915	7.881	7.863	7.845	7.783	7.772	7.803	7.797	7.755	7.884	7.873	7.913	7.889	7.898	7.825	7.771	7.737	7.814	7.712	7.791	7.774	7.869	7.913	7.888	7.879	7.846	7.81	7.771	7.77	7.77	7.748	7.841	7.791	7.858	7.879	7.903	7.852	7.84	7.904	7.802	7.747	7.769	7.735	7.766	7.796	7.773	7.856	7.853	7.859	7.861	7.797	7.798	7.656	7.71	7.747	7.76	7.901	4.663	0.92	5.269	6.376	7.05	7.569	7.647	7.598	7.494	7.513	7.673	7.869	7.862	7.823	7.659	7.655	7.67	7.672	7.714	7.881	7.911	7.714	7.523	7.404	7.601	7.601	7.701	7.939	7.869	7.686	7.708	7.535	7.711	7.748	7.841	7.77	7.809	7.789	7.716	7.796	7.883	7.739	7.454	7.492	7.513	7.633	7.862	7.795	7.741	7.908	7.953	7.835	7.728	7.573	7.596	7.639	7.529	7.779	7.548	7.623	7.919	7.9	7.817	7.719	7.744	7.731	7.958	7.791	7.888	7.748	7.674	7.684	7.49	7.459	7.438	7.648	7.653	7.669	7.839	7.701	7.879	7.823	7.874	7.877	7.622	7.609	7.69	7.641	7.659	7.598	7.566	7.588	7.72	7.699	7.806	7.713	7.796	7.789	7.833	7.758	4.566	1.198	5.228	6.608	7.111	7.44	7.53	7.589	7.614	7.744	7.693	7.628	7.666	7.718	7.763	7.688	7.709	7.63	7.718	7.739	7.617	7.684	7.709	7.68	7.583	7.656	7.791	7.539	7.668	7.572	7.651	7.691	7.594	7.538	7.593	7.668	7.743	7.59	7.603	7.564	7.709	7.591	7.569	7.673	7.594	7.596	7.689	7.718	7.702	7.549	7.716	7.712	7.563	7.557	7.706	7.673	7.723	7.661	7.605	7.646	7.691	7.659	7.744	7.653	7.66	7.556	7.651	7.716	7.593	7.693	7.739	7.611	7.656	7.646	7.823	7.69	7.66	7.669	7.769	7.755	7.716	7.606	7.684	7.693	7.817	7.783	7.629	7.842	7.644	7.688	7.733	7.843	7.616	7.673	7.716	7.636	7.748	7.728	7.619	7.651	10.665	12.364	10.244	9.237	8.459	7.938	7.891	7.701	7.766	7.647	7.554	7.949	7.683	7.833	7.529	7.459	7.913	7.531	7.679	7.763	7.71	7.82	7.687	7.737	7.64	7.841	7.792	7.781	7.73	7.84	7.536	7.413	7.638	7.676	7.821	7.524	7.737	7.69	7.896	7.621	7.718	7.875	7.684	7.788	7.834	7.672	7.927	7.616	7.783	7.643	7.619	7.673	7.6	7.761	7.593	7.696	7.676	7.589	7.64	7.743	7.774	7.789	7.672	7.768	7.796	7.809	7.731	7.739	7.786	7.671	7.622	7.716	7.584	7.653	7.611	7.662	7.741	7.69	7.721	7.642	7.854	7.808	7.77	7.842	7.85	7.68	7.718	7.768	7.77	7.701	7.733	7.579	7.764	7.527	7.668	7.633	7.741	7.71	7.659	7.699	9.365	10.219	9.016	8.707	8.366	8.113	7.802	7.934	7.702	7.833	7.724	7.859	7.797	7.718	7.521	7.657	7.529	7.873	7.653	7.854	7.777	7.825	7.724	7.689	7.604	7.67	7.676	7.894	7.594	7.888	7.811	7.836	7.798	7.593	7.791	7.616	7.663	7.67	7.758	7.746	7.738	7.838	7.794	7.778	7.827	7.732	7.682	7.722	7.646	7.823	7.726	7.873	7.748	7.804	7.679	7.699	7.745	7.724	7.679	7.5	7.797	7.643	7.854	7.734	7.811	7.797	7.544	7.794	7.538	7.659	7.746	7.609	7.85	7.668	7.797	7.852	7.748	7.726	7.863	7.501	7.825	7.508	7.823	7.651	7.813	7.856	7.701	7.775	7.739	7.674	7.802	7.724	7.5	7.679	7.789	7.614	7.751	7.919	7.747	7.573	7.828	7.808	7.683	7.817	7.854	7.649	7.775	7.86	7.536	7.453
8.945	1.048	0.445	0.055	0.003	0.005	0.005	0.003	0.001	0.003	0.006	0	0	0.001	0.003	0.004	0.005	0.003	0.006	0.004	0	0	0.006	0.005	0.003	0.001	0.005	0.004	0.003	0.009	0.001	0.006	0.005	0.001	0.003	0.006	0.009	0	0.001	0.001	0.001	0.001	0.003	0.001	0.004	0.009	0	0	0.003	0.003	0	0.001	0.007	0.003	0.001	0.003	0	0.005	0.001	0.005	0.004	0.008	0.006	0.004	0.003	0.005	0.003	0.001	0.003	0.006	0.004	0.008	0.007	0.001	0.003	0.003	0.004	0.006	0.001	0.004	0.004	0	0.003	0.003	0.004	0.003	0	0.006	0.005	0.004	0	0	0	0.003	0.081	19.624	16.613	13.709	12.165	10.756	9.744	9.188	8.741	8.407	8.298	8.111	8.129	8.038	7.944	7.85	7.881	7.898	7.914	7.953	7.926	7.878	7.806	7.829	7.783	7.848	7.883	7.93	7.865	7.894	7.904	7.824	7.817	7.837	7.854	7.833	7.818	7.889	7.863	7.862	7.879	7.736	7.821	7.777	7.745	7.766	7.797	7.793	7.884	7.821	7.863	7.811	7.821	7.818	7.778	7.756	7.797	7.814	7.839	7.925	7.853	7.821	7.863	7.778	7.831	7.722	7.783	7.797	7.8	7.748	7.881	7.798	7.812	7.815	7.769	7.817	7.781	7.802	7.768	7.823	7.846	7.816	7.838	7.806	7.818	7.791	7.801	7.791	7.752	7.753	7.874	7.814	7.82	7.756	7.746	7.718	4.764	1.021	4.93	6.531	7.324	7.626	7.724	7.756	7.817	7.848	7.745	7.714	7.698	7.689	7.653	7.743	7.702	7.569	7.613	7.686	7.631	7.634	7.712	7.739	7.676	7.699	7.679	7.724	7.678	7.732	7.743	7.651	7.713	7.732	7.909	7.849	7.749	7.768	7.699	7.701	7.722	7.764	7.611	7.695	7.656	7.588	7.604	7.701	7.6	7.642	7.663	7.683	7.639	7.686	7.724	7.773	7.643	7.745	7.713	7.706	7.815	7.718	7.774	7.768	7.681	7.724	7.713	7.649	7.801	7.649	7.724	7.619	7.644	7.699	7.628	7.601	7.658	7.66	7.619	7.679	7.634	7.698	7.69	7.779	7.71	7.722	7.724	7.683	7.699	7.701	7.716	7.743	7.758	7.68	7.754	7.797	7.772	7.696	7.738	7.69	4.628	1.543	5.333	6.735	7.223	7.416	7.469	7.565	7.615	7.648	7.576	7.559	7.617	7.645	7.642	7.479	7.604	7.63	7.641	7.618	7.668	7.633	7.586	7.629	7.559	7.581	7.599	7.576	7.591	7.592	7.517	7.571	7.605	7.613	7.532	7.621	7.544	7.623	7.523	7.619	7.556	7.634	7.624	7.559	7.647	7.621	7.626	7.595	7.609	7.629	7.59	7.626	7.561	7.479	7.544	7.634	7.517	7.569	7.609	7.632	7.55	7.619	7.622	7.604	7.563	7.573	7.599	7.59	7.614	7.546	7.54	7.515	7.526	7.644	7.498	7.563	7.538	7.603	7.555	7.653	7.614	7.651	7.567	7.651	7.588	7.603	7.603	7.666	7.699	7.637	7.628	7.623	7.604	7.693	7.653	7.694	7.643	7.665	7.642	7.663	10.449	12.192	10.181	8.967	8.313	8.028	7.902	7.678	7.671	7.714	7.733	7.789	7.791	7.727	7.669	7.793	7.69	7.682	7.693	7.646	7.649	7.634	7.592	7.661	7.626	7.72	7.753	7.551	7.595	7.614	7.674	7.637	7.642	7.691	7.732	7.702	7.714	7.739	7.718	7.684	7.726	7.743	7.766	7.669	7.783	7.755	7.72	7.789	7.817	7.749	7.758	7.736	7.755	7.804	7.755	7.708	7.707	7.723	7.674	7.672	7.738	7.732	7.685	7.679	7.668	7.613	7.609	7.718	7.555	7.746	7.708	7.626	7.606	7.716	7.714	7.666	7.694	7.716	7.762	7.691	7.721	7.646	7.794	7.698	7.738	7.781	7.727	7.758	7.695	7.762	7.718	7.729	7.67	7.716	7.683	7.658	7.611	7.666	7.687	7.733	9.31	10.031	9.032	8.405	8.152	7.986	7.653	7.628	7.664	7.731	7.721	7.688	7.773	7.763	7.76	7.838	7.695	7.816	7.712	7.758	7.794	7.691	7.622	7.658	7.653	7.712	7.69	7.678	7.665	7.699	7.651	7.701	7.674	7.727	7.801	7.791	7.781	7.798	7.743	7.747	7.719	7.654	7.645	7.801	7.668	7.795	7.684	7.655	7.643	7.691	7.758	7.704	7.721	7.714	7.658	7.789	7.752	7.729	7.781	7.749	7.759	7.783	7.699	7.714	7.645	7.604	7.71	7.662	7.629	7.701	7.655	7.626	7.722	7.691	7.67	7.71	7.71	7.769	7.708	7.808	7.739	7.766	7.749	7.795	7.764	7.674	7.601	7.72	7.671	7.77	7.719	7.572	7.678	7.668	7.706	7.654	7.764	7.714	7.749	7.766	7.687	7.733	7.708	7.75	7.764	7.723	7.704	7.616	7.676	7.639
9.094	1.014	0.383	0.095	0	0.004	0.004	0.004	0.004	0.004	0.004	0.006	0	0.003	0.001	0.007	0.003	0	0.001	0.005	0.005	0	0.001	0.004	0.003	0.003	0.003	0.003	0.003	0.003	0.006	0	0	0.003	0.003	0.003	0.003	0.004	0.003	0.001	0.001	0	0.003	0.001	0	0	0.003	0.003	0	0	0	0.001	0.001	0	0.003	0	0.001	0.003	0	0.004	0.001	0.001	0.003	0.001	0.001	0.003	0.005	0	0	0.001	0.001	0	0.003	0.001	0.003	0	0	0	0	0.001	0.001	0.003	0.003	0.005	0.003	0.001	0.005	0.001	0.003	0.003	0.003	0	0.004	0.009	5.696	20.327	17.448	14.732	12.616	11.425	10.243	9.492	9.004	8.552	8.323	8.192	8.136	7.986	7.941	7.851	7.913	7.827	7.919	7.919	7.869	7.772	7.801	7.845	7.835	7.841	7.838	7.883	7.783	7.826	7.823	7.776	7.815	7.893	7.892	7.843	7.857	7.839	7.729	7.829	7.866	7.883	7.873	7.795	7.752	7.743	7.718	7.771	7.835	7.834	7.873	7.718	7.756	7.783	7.698	7.811	7.89	7.821	7.844	7.733	7.753	7.775	7.768	7.81	7.818	7.821	7.783	7.718	7.758	7.799	7.831	7.845	7.814	7.752	7.766	7.775	7.771	7.751	7.749	7.744	7.779	7.842	7.821	7.778	7.723	7.736	7.789	7.791	7.756	7.759	7.761	7.749	7.753	7.77	7.733	7.809	4.94	1.054	4.759	6.295	6.98	7.339	7.473	7.624	7.606	7.676	7.736	7.651	7.73	7.724	7.84	7.841	7.758	7.698	7.594	7.584	7.643	7.712	7.666	7.678	7.709	7.758	7.8	7.722	7.666	7.749	7.684	7.62	7.701	7.654	7.71	7.669	7.707	7.724	7.749	7.791	7.776	7.684	7.651	7.642	7.582	7.661	7.663	7.685	7.653	7.694	7.753	7.718	7.72	7.643	7.666	7.699	7.674	7.631	7.648	7.75	7.726	7.749	7.726	7.702	7.773	7.733	7.67	7.676	7.566	7.701	7.674	7.697	7.668	7.773	7.783	7.756	7.721	7.682	7.566	7.605	7.561	7.688	7.651	7.741	7.731	7.69	7.653	7.689	7.636	7.666	7.631	7.606	7.687	7.669	7.733	7.713	7.815	7.681	7.699	7.689	5.169	1.509	5.133	6.408	7.016	7.316	7.572	7.649	7.693	7.721	7.634	7.769	7.73	7.706	7.743	7.688	7.773	7.658	7.558	7.547	7.567	7.594	7.506	7.519	7.521	7.582	7.511	7.659	7.596	7.613	7.694	7.619	7.624	7.624	7.696	7.681	7.691	7.722	7.758	7.691	7.712	7.733	7.651	7.632	7.624	7.58	7.542	7.548	7.611	7.597	7.624	7.775	7.694	7.614	7.678	7.721	7.683	7.736	7.697	7.666	7.656	7.651	7.525	7.624	7.615	7.578	7.571	7.676	7.644	7.624	7.674	7.702	7.711	7.762	7.679	7.622	7.596	7.645	7.6	7.581	7.528	7.622	7.624	7.623	7.597	7.607	7.591	7.72	7.673	7.702	7.749	7.736	7.716	7.665	7.713	7.563	7.588	7.581	7.628	7.626	10.809	12.102	10.322	9.116	8.473	8.12	7.784	7.684	7.82	7.741	7.737	7.791	7.739	7.777	7.708	7.697	7.626	7.67	7.649	7.723	7.645	7.69	7.693	7.723	7.714	7.835	7.772	7.666	7.783	7.615	7.696	7.661	7.618	7.673	7.756	7.708	7.741	7.743	7.808	7.759	7.693	7.668	7.628	7.647	7.681	7.639	7.739	7.69	7.708	7.723	7.741	7.733	7.731	7.662	7.645	7.714	7.673	7.633	7.678	7.741	7.714	7.723	7.735	7.719	7.739	7.744	7.701	7.599	7.621	7.636	7.701	7.683	7.691	7.723	7.784	7.743	7.699	7.664	7.684	7.664	7.651	7.637	7.722	7.665	7.724	7.754	7.737	7.718	7.756	7.634	7.613	7.608	7.673	7.66	7.655	7.787	7.794	7.726	7.726	7.745	9.308	9.979	9.147	8.588	8.236	7.9	7.716	7.723	7.843	7.804	7.797	7.768	7.755	7.722	7.654	7.724	7.784	7.806	7.746	7.698	7.779	7.724	7.766	7.678	7.676	7.629	7.744	7.698	7.737	7.701	7.837	7.774	7.669	7.66	7.668	7.688	7.714	7.688	7.748	7.783	7.856	7.778	7.713	7.639	7.66	7.699	7.702	7.699	7.804	7.766	7.823	7.743	7.637	7.702	7.674	7.618	7.68	7.724	7.741	7.798	7.758	7.713	7.718	7.681	7.701	7.659	7.722	7.789	7.752	7.76	7.75	7.691	7.67	7.669	7.665	7.695	7.755	7.793	7.764	7.713	7.648	7.673	7.718	7.654	7.728	7.756	7.841	7.789	7.799	7.68	7.709	7.735	7.719	7.679	7.734	7.713	7.756	7.719	7.682	7.682	7.688	7.701	7.755	7.787	7.766	7.773	7.734	7.739	7.643	7.681
8.554	0.824	0.692	0.013	0	0	0.004	0.001	0.003	0.003	0.004	0.003	0.003	0.005	0	0	0	0	0	0.001	0.001	0.001	0.003	0	0.001	0	0.004	0.001	0.001	0.003	0.005	0.003	0.003	0	0.003	0	0.001	0.003	0	0	0.001	0.008	0.001	0	0.001	0.001	0.001	0.003	0.003	0.001	0	0	0	0	0	0.001	0	0	0.001	0.001	0	0	0.001	0.001	0	0.003	0	0	0.004	0.005	0.001	0	0.003	0	0.001	0.003	0.003	0.003	0.003	0	0	0	0.003	0	0.001	0	0.001	0.001	0.003	0	0.001	0	0	0.001	0.498	20.479	18.037	15.156	13.063	11.654	10.372	9.596	9.013	8.612	8.535	8.308	8.273	8.062	8.143	7.999	8.037	8.003	8.026	8.053	7.875	8.037	7.856	7.953	7.976	7.952	8.066	7.842	8.044	7.773	7.928	7.833	7.953	7.936	7.901	8.014	7.819	7.967	7.82	7.89	7.994	7.901	8.018	7.823	7.99	7.795	7.984	7.846	7.932	7.944	7.93	8.008	7.752	8.003	7.797	7.934	7.844	7.9	8.014	7.881	7.996	7.829	7.938	7.8	7.938	7.879	7.84	8.013	7.866	7.997	7.808	7.89	7.811	7.882	7.91	7.905	7.995	7.749	8.012	7.781	7.886	7.817	7.825	7.944	7.891	7.963	7.814	7.979	7.716	7.921	7.796	7.898	7.911	7.891	7.955	7.836	5.598	1.108	4.635	6.271	6.987	7.45	7.809	7.902	7.854	7.951	7.679	7.839	7.876	7.783	7.963	7.719	7.894	7.813	7.837	7.984	7.682	7.812	7.738	7.771	7.891	7.758	7.844	7.657	7.831	7.888	7.766	7.95	7.646	7.863	7.788	7.762	7.921	7.737	7.846	7.768	7.781	7.908	7.73	7.878	7.659	7.761	7.868	7.766	7.908	7.674	7.828	7.821	7.789	7.95	7.719	7.871	7.698	7.775	7.919	7.726	7.828	7.783	7.745	7.856	7.819	7.899	7.629	7.838	7.814	7.799	7.923	7.736	7.843	7.773	7.794	7.907	7.761	7.846	7.661	7.843	7.906	7.711	7.902	7.682	7.786	7.879	7.766	7.891	7.695	7.865	7.778	7.759	7.888	7.643	7.825	7.787	7.775	7.902	7.674	7.833	4.965	1.986	4.986	6.478	7.188	7.588	7.786	7.649	7.836	7.791	7.804	7.898	7.606	7.795	7.851	7.673	7.81	7.685	7.704	7.938	7.653	7.831	7.681	7.726	7.874	7.684	7.804	7.766	7.685	7.856	7.595	7.719	7.889	7.651	7.849	7.676	7.733	7.948	7.624	7.799	7.803	7.711	7.818	7.564	7.752	7.833	7.613	7.789	7.792	7.76	7.792	7.608	7.875	7.839	7.623	7.881	7.736	7.729	7.884	7.546	7.812	7.686	7.737	7.923	7.586	7.823	7.857	7.607	7.761	7.653	7.766	7.854	7.588	7.819	7.798	7.758	7.824	7.619	7.781	7.888	7.63	7.867	7.637	7.784	7.964	7.69	7.786	7.729	7.735	7.879	7.608	7.794	7.876	7.679	7.863	7.639	7.787	7.856	7.633	7.795	9.083	12.448	10.453	9.322	8.538	8.122	8.019	7.808	7.956	7.921	7.751	7.928	7.708	7.818	7.854	7.803	7.928	7.672	7.829	7.739	7.838	7.919	7.671	7.874	7.771	7.848	7.876	7.775	7.848	7.591	7.921	7.781	7.843	7.997	7.709	7.837	7.727	7.793	7.825	7.783	7.958	7.69	7.77	7.816	7.796	7.981	7.726	7.848	7.655	7.821	7.919	7.688	7.716	7.699	7.887	7.82	7.825	7.868	7.778	7.867	7.638	7.816	7.848	7.839	7.981	7.706	7.836	7.806	7.796	7.878	7.66	7.85	7.662	7.851	7.828	7.799	7.939	7.672	7.821	7.751	7.796	7.894	7.752	7.891	7.721	7.819	7.894	7.764	7.931	7.634	7.827	7.766	7.809	7.943	7.689	7.8	7.72	7.845	7.793	7.771	9.012	10.166	9.178	8.378	8.305	7.996	7.793	7.996	7.774	7.779	7.85	7.802	7.936	7.753	7.923	7.741	7.848	7.804	7.884	8.011	7.738	7.908	7.726	7.905	7.701	7.821	7.871	7.809	7.952	7.798	7.961	7.743	7.842	7.764	7.874	7.808	7.827	7.905	7.834	7.898	7.671	7.921	7.8	7.856	7.841	7.769	7.94	7.754	7.97	7.728	7.833	7.714	7.806	7.857	7.837	7.923	7.82	7.914	7.722	7.854	7.746	7.801	7.862	7.786	7.978	7.778	7.908	7.693	7.939	7.695	7.794	7.786	7.84	7.876	7.831	7.941	7.803	7.938	7.719	7.798	7.716	7.831	7.839	7.789	7.958	7.826	7.974	7.679	7.866	7.693	7.823	7.802	7.829	7.883	7.799	7.961	7.762	7.949	7.691	7.863	7.695	7.796	7.752	7.813	7.887	7.792	7.904	7.714	7.944	7.696
