10.179	10.174	10.151	10.149	10.172	10.176	10.169	10.176	10.174	10.171	10.176	10.187	10.172	10.165	10.159	10.17	10.159	10.176	10.171	10.169	10.163	10.148	10.163	10.164	10.174	10.162	10.151	10.187	10.156	10.173	10.167	10.174	10.171	10.173	10.174	10.186	10.187	10.182	10.16	10.177	10.167	10.191	10.167	10.187	10.167	10.163	10.172	10.182	10.185	10.149	10.159	10.156	10.182	10.193	10.189	10.182	10.167	10.18	10.174	10.177	10.182	10.164	10.174	10.16	10.209	10.178	10.182	10.159	10.162	10.167	10.174	10.179	10.187	10.149	10.159	10.169	10.189	10.179	10.164	10.171	10.161	10.174	10.18	10.177	10.16	10.154	10.196	10.154	10.183	10.154	10.17	10.154	10.158	10.165	10.191	10.17	10.177	10.153	10.163	10.183	10.178	10.164	10.164	10.17	10.154	10.187	10.182	10.171	10.176	10.161	10.164	10.194	10.176	10.187	10.211	10.158	10.178	10.184	10.187	10.181	10.174	10.173	10.172	10.189	10.204	10.173	10.17	10.176	10.17	10.181	10.186	10.164	10.173	10.201	10.182	10.189	10.209	10.182	10.174	10.172	10.189	10.209	10.201	10.194	10.186	10.192	10.221	10.201	10.199	10.191	10.201	10.203	10.214	10.224	10.214	10.258	10.216	10.214	10.254	10.225	10.222	10.218	10.22	10.234	10.233	10.24	10.229	10.222	10.227	10.24	10.234	10.246	10.24	10.236	10.231	10.241	10.251	10.261	10.216	10.239	10.243	10.25	10.254	10.254	10.245	10.245	10.249	10.27	10.256	10.276	10.244	10.236	10.256	10.284	10.262	10.262	10.234	10.229	10.273	10.265	10.263	10.257	10.243	10.254	10.259	10.289	10.281	10.271	10.257	10.26	10.26	10.283	10.28	10.27	10.254	10.261	10.27	10.28	10.301	10.262	10.265	10.261	10.283	10.287	10.271	10.276	10.269	10.267	10.281	10.281	10.272	10.265	10.267	10.294	10.299	10.283	10.265	10.257	10.262	10.281	10.283	10.277	10.269	10.258	10.269	10.288	10.297	10.283	10.277	10.265	10.267	10.28	10.296	10.288	10.279	10.285	10.286	10.29	10.286	10.281	10.27	10.281	10.297	10.306	10.294	10.288	10.291	10.287	10.301	10.316	10.316	10.314	10.292	10.3	10.314	10.318	10.311	10.314	10.301	10.316	10.331	10.334	10.316	10.314	10.32	10.317	10.334	10.342	10.321	10.324	10.311	10.311	10.321	10.327	10.338	10.319	10.331	10.325	10.332	10.338	10.323	10.319	10.334	10.316	10.323	10.336	10.341	10.331	10.307	10.327	10.331	10.337	10.328	10.328	10.328	10.338	10.352	10.352	10.341	10.323	10.319	10.341	10.356	10.341	10.352	10.351	10.328	10.337	10.354	10.356	10.346	10.327	10.346	10.356	10.354	10.35	10.35	10.354	10.338	10.367	10.366	10.347	10.356	10.35	10.357	10.368	10.352	10.378	10.33	10.368	10.356	10.379	10.363	10.352	10.352	10.347	10.381	10.365	10.381	10.344	10.361	10.342	10.354	10.361	10.37	10.339	10.373	10.34	10.379	10.373	10.381	10.369	10.368	10.349	10.381	10.373	10.389	10.368	10.354	10.39	10.379	10.367	10.385	10.356	10.358	10.401	10.392	10.389	10.419	10.363	10.374	10.399	10.388	10.379	10.388	10.376	10.383	10.396	10.387	10.386	10.392	10.414	10.399	10.386	10.392	10.387	10.396	10.392	10.397	10.39	10.373	10.364	10.354	10.358	10.383	10.412	10.414	10.403	10.379	10.386	10.412	10.378	10.391	10.394	10.392	10.394	10.399	10.412	10.401	10.368	10.368	10.383	10.397	10.413	10.394	10.374	10.371	10.368	10.396	10.421	10.392	10.364	10.381	10.385	10.416	10.401	10.378	10.356	10.385	10.405	10.405	10.389	10.382	10.354	10.365	10.374	10.409	10.395	10.395	10.426	10.41	10.412	10.419	10.426	10.414	10.403	10.413	10.409	10.425	10.413	10.401	10.387	10.394	10.404	10.408	10.419	10.379	10.391	10.399	10.397	10.408	10.408	10.399	10.403	10.392	10.396	10.382	10.374	10.388	10.398	10.419	10.436	10.429	10.428	10.398	10.391	10.406	10.446	10.41	10.419	10.411	10.41	10.403	10.412	10.396	10.383	10.387	10.434	10.439	10.437	10.435	10.394	10.408	10.392	10.392	10.399	10.444	10.406	10.409	10.438	10.429	10.424	10.418	10.432	10.406	10.392	10.401	10.397	10.399	10.381	10.374	10.401	10.427	10.398	10.388	10.389	10.384	10.398	10.413	10.394	10.385	10.365	10.381	10.381	10.404	10.383	10.368	10.397	10.404	10.411	10.414	10.396	10.421	10.414	10.432	10.425	10.422	10.396	10.394	10.384	10.401	10.392	10.389	10.374	10.396	10.411	10.415	10.428	10.422	10.416	10.394	10.404	10.405	10.415	10.387	10.373	10.352	10.385	10.405	10.408	10.391	10.384	10.414	10.414	10.426	10.414	10.41	10.409	10.408	10.422	10.413	10.399	10.397	10.384	10.401	10.407	10.395	10.374	10.379	10.373
9.225	9.183	9.181	9.179	9.19	9.187	9.194	9.186	9.164	9.179	9.211	9.23	9.183	9.176	9.185	9.21	9.191	9.189	9.185	9.174	9.196	9.208	9.217	9.172	9.167	9.172	9.179	9.194	9.178	9.203	9.154	9.189	9.176	9.174	9.161	9.181	9.165	9.185	9.185	9.174	9.174	9.156	9.22	9.194	9.158	9.181	9.213	9.169	9.18	9.167	9.206	9.173	9.177	9.201	9.201	9.201	9.196	9.196	9.177	9.192	9.189	9.217	9.196	9.184	9.214	9.201	9.236	9.174	9.182	9.205	9.178	9.221	9.18	9.196	9.187	9.189	9.196	9.193	9.176	9.176	9.167	9.196	9.182	9.161	9.191	9.196	9.227	9.182	9.179	9.179	9.169	9.178	9.2	9.203	9.163	9.178	9.194	9.201	9.203	9.169	9.174	9.181	9.176	9.196	9.199	9.152	9.177	9.211	9.214	9.181	9.192	9.18	9.167	9.187	9.182	9.192	9.15	9.196	9.198	9.189	9.187	9.164	9.169	9.241	9.221	9.158	9.167	9.131	9.167	9.206	9.198	9.164	9.16	9.149	9.199	9.187	9.158	9.153	9.152	9.171	9.189	9.164	9.161	9.149	9.19	9.189	9.189	9.163	9.196	9.144	9.174	9.196	9.218	9.16	9.154	9.181	9.185	9.167	9.152	9.167	9.169	9.204	9.191	9.226	9.167	9.178	9.169	9.187	9.213	9.203	9.181	9.174	9.252	9.176	9.196	9.173	9.179	9.183	9.239	9.209	9.189	9.197	9.189	9.226	9.221	9.177	9.194	9.194	9.21	9.22	9.252	9.173	9.2	9.239	9.216	9.204	9.194	9.198	9.236	9.221	9.238	9.196	9.222	9.189	9.187	9.212	9.218	9.183	9.189	9.196	9.211	9.204	9.194	9.197	9.187	9.192	9.23	9.209	9.176	9.171	9.205	9.208	9.229	9.229	9.187	9.225	9.204	9.231	9.207	9.225	9.184	9.216	9.201	9.212	9.214	9.165	9.185	9.208	9.199	9.191	9.163	9.197	9.192	9.216	9.196	9.186	9.172	9.171	9.199	9.227	9.187	9.217	9.171	9.196	9.216	9.194	9.187	9.163	9.21	9.22	9.216	9.194	9.184	9.208	9.201	9.225	9.209	9.208	9.201	9.214	9.205	9.207	9.181	9.203	9.201	9.234	9.203	9.209	9.192	9.218	9.229	9.238	9.211	9.198	9.187	9.207	9.243	9.209	9.23	9.179	9.224	9.241	9.237	9.209	9.223	9.196	9.208	9.209	9.225	9.198	9.194	9.198	9.223	9.209	9.196	9.212	9.199	9.214	9.201	9.239	9.182	9.187	9.194	9.222	9.216	9.219	9.186	9.201	9.189	9.216	9.216	9.2	9.194	9.204	9.191	9.236	9.181	9.176	9.19	9.211	9.203	9.208	9.163	9.174	9.23	9.216	9.177	9.204	9.173	9.21	9.201	9.221	9.203	9.174	9.221	9.211	9.196	9.186	9.18	9.22	9.18	9.198	9.179	9.196	9.181	9.201	9.193	9.213	9.18	9.203	9.197	9.201	9.187	9.197	9.193	9.189	9.187	9.204	9.182	9.23	9.185	9.201	9.205	9.207	9.203	9.169	9.156	9.179	9.187	9.25	9.189	9.186	9.193	9.209	9.239	9.203	9.192	9.203	9.22	9.209	9.214	9.193	9.189	9.237	9.237	9.238	9.198	9.186	9.2	9.205	9.209	9.182	9.189	9.181	9.198	9.196	9.199	9.184	9.17	9.216	9.214	9.237	9.187	9.201	9.198	9.213	9.236	9.204	9.197	9.189	9.212	9.21	9.216	9.196	9.192	9.224	9.189	9.21	9.209	9.203	9.187	9.189	9.201	9.191	9.233	9.203	9.184	9.192	9.223	9.174	9.171	9.223	9.17	9.217	9.219	9.181	9.192	9.213	9.203	9.207	9.19	9.169	9.179	9.206	9.203	9.201	9.198	9.177	9.226	9.22	9.209	9.172	9.176	9.185	9.213	9.224	9.213	9.179	9.207	9.189	9.209	9.209	9.23	9.194	9.189	9.199	9.237	9.207	9.194	9.186	9.206	9.204	9.2	9.216	9.182	9.191	9.223	9.196	9.171	9.189	9.197	9.182	9.232	9.206	9.205	9.172	9.196	9.199	9.219	9.209	9.181	9.234	9.192	9.201	9.187	9.187	9.209	9.199	9.203	9.169	9.194	9.187	9.216	9.206	9.213	9.176	9.18	9.207	9.203	9.227	9.185	9.194	9.206	9.234	9.207	9.203	9.212	9.183	9.176	9.178	9.227	9.207	9.186	9.191	9.199	9.213	9.204	9.209	9.203	9.191	9.199	9.2	9.181	9.166	9.173	9.183	9.189	9.193	9.203	9.17	9.176	9.201	9.224	9.196	9.173	9.181	9.184	9.206	9.189	9.189	9.184	9.189	9.214	9.203	9.196	9.227	9.186	9.197	9.233	9.218	9.209	9.191	9.203	9.217	9.196	9.181	9.166	9.217	9.246	9.216	9.199	9.214	9.194	9.197	9.208	9.214	9.189	9.186	9.201	9.199	9.22	9.204	9.181	9.216	9.232	9.221	9.189	9.189	9.196	9.194
9.186	9.216	9.179	9.212	9.187	9.205	9.234	9.236	9.19	9.241	9.196	9.208	9.189	9.203	9.19	9.203	9.233	9.226	9.204	9.2	9.187	9.216	9.193	9.196	9.183	9.158	9.21	9.201	9.169	9.178	9.222	9.194	9.201	9.184	9.186	9.154	9.189	9.185	9.209	9.18	9.172	9.17	9.192	9.189	9.201	9.187	9.181	9.217	9.201	9.214	9.209	9.191	9.196	9.19	9.187	9.187	9.22	9.194	9.186	9.206	9.206	9.229	9.243	9.177	9.158	9.186	9.194	9.208	9.183	9.185	9.224	9.205	9.191	9.172	9.19	9.199	9.21	9.216	9.203	9.191	9.211	9.229	9.212	9.183	9.17	9.17	9.199	9.212	9.189	9.178	9.186	9.207	9.205	9.214	9.185	9.176	9.227	9.22	9.22	9.199	9.187	9.191	9.187	9.196	9.212	9.209	9.201	9.212	9.211	9.221	9.201	9.177	9.189	9.221	9.209	9.21	9.196	9.187	9.207	9.217	9.201	9.174	9.196	9.189	9.217	9.209	9.21	9.198	9.184	9.198	9.201	9.177	9.163	9.167	9.167	9.191	9.176	9.187	9.208	9.192	9.189	9.189	9.194	9.217	9.165	9.187	9.183	9.214	9.224	9.172	9.171	9.189	9.229	9.211	9.198	9.184	9.226	9.206	9.182	9.196	9.192	9.205	9.221	9.226	9.201	9.17	9.203	9.183	9.198	9.209	9.187	9.216	9.238	9.201	9.234	9.2	9.205	9.213	9.23	9.206	9.176	9.194	9.196	9.221	9.209	9.201	9.183	9.203	9.212	9.206	9.216	9.193	9.199	9.177	9.203	9.246	9.221	9.184	9.177	9.234	9.211	9.213	9.19	9.169	9.203	9.241	9.193	9.199	9.193	9.203	9.227	9.237	9.187	9.198	9.194	9.196	9.227	9.227	9.214	9.21	9.204	9.208	9.21	9.214	9.19	9.201	9.193	9.216	9.225	9.196	9.203	9.189	9.234	9.238	9.201	9.198	9.199	9.258	9.227	9.216	9.213	9.203	9.214	9.254	9.231	9.212	9.203	9.196	9.241	9.245	9.196	9.211	9.208	9.229	9.227	9.22	9.218	9.225	9.24	9.238	9.21	9.23	9.222	9.21	9.209	9.225	9.227	9.203	9.212	9.251	9.24	9.234	9.217	9.214	9.213	9.23	9.227	9.233	9.221	9.2	9.25	9.224	9.216	9.214	9.192	9.196	9.236	9.223	9.217	9.194	9.203	9.252	9.203	9.212	9.191	9.207	9.21	9.212	9.207	9.236	9.201	9.196	9.219	9.234	9.206	9.204	9.22	9.197	9.205	9.221	9.205	9.209	9.206	9.233	9.197	9.211	9.207	9.209	9.227	9.237	9.203	9.229	9.208	9.21	9.243	9.216	9.182	9.209	9.209	9.251	9.203	9.209	9.174	9.211	9.201	9.218	9.221	9.212	9.187	9.196	9.196	9.243	9.205	9.2	9.205	9.214	9.267	9.252	9.211	9.216	9.243	9.248	9.229	9.22	9.206	9.214	9.236	9.247	9.216	9.205	9.204	9.222	9.231	9.214	9.213	9.203	9.214	9.232	9.237	9.189	9.212	9.214	9.213	9.247	9.189	9.196	9.196	9.217	9.217	9.209	9.229	9.211	9.196	9.216	9.237	9.201	9.177	9.186	9.224	9.191	9.187	9.22	9.182	9.166	9.181	9.221	9.178	9.189	9.221	9.172	9.211	9.19	9.189	9.201	9.194	9.221	9.2	9.211	9.207	9.185	9.223	9.203	9.19	9.158	9.161	9.187	9.2	9.199	9.184	9.172	9.161	9.185	9.197	9.21	9.194	9.176	9.203	9.201	9.22	9.2	9.219	9.196	9.226	9.194	9.19	9.184	9.185	9.169	9.204	9.224	9.193	9.197	9.216	9.21	9.194	9.169	9.227	9.182	9.214	9.201	9.196	9.163	9.164	9.214	9.203	9.192	9.189	9.158	9.254	9.21	9.2	9.19	9.171	9.189	9.214	9.191	9.198	9.154	9.187	9.22	9.217	9.201	9.184	9.212	9.172	9.176	9.185	9.19	9.174	9.161	9.196	9.201	9.196	9.179	9.187	9.193	9.178	9.198	9.221	9.198	9.189	9.196	9.203	9.193	9.169	9.193	9.201	9.209	9.211	9.198	9.189	9.19	9.204	9.192	9.191	9.18	9.174	9.197	9.222	9.186	9.189	9.193	9.182	9.211	9.204	9.193	9.196	9.174	9.189	9.212	9.227	9.196	9.193	9.193	9.219	9.201	9.197	9.212	9.181	9.209	9.198	9.161	9.167	9.169	9.187	9.216	9.194	9.156	9.167	9.183	9.18	9.196	9.201	9.165	9.184	9.201	9.189	9.181	9.185	9.187	9.177	9.187	9.177	9.201	9.152	9.191	9.187	9.196	9.186	9.186	9.138	9.174	9.2	9.189	9.167	9.165	9.163	9.205	9.226	9.17	9.158	9.169	9.184	9.196	9.224	9.18	9.213	9.186	9.203	9.221	9.227	9.183	9.221	9.189	9.227	9.214	9.181	9.183	9.197	9.226	9.192	9.2	9.167	9.203	9.192	9.216	9.209	9.198	9.184	9.196
9.193	9.169	9.203	9.198	9.207	9.184	9.165	9.218	9.207	9.196	9.163	9.18	9.177	9.196	9.186	9.217	9.184	9.176	9.194	9.238	9.203	9.177	9.179	9.19	9.21	9.208	9.17	9.163	9.19	9.181	9.213	9.187	9.181	9.187	9.194	9.211	9.184	9.187	9.187	9.172	9.196	9.221	9.187	9.176	9.216	9.214	9.198	9.21	9.167	9.165	9.174	9.214	9.196	9.197	9.191	9.203	9.229	9.241	9.192	9.194	9.201	9.207	9.217	9.221	9.207	9.189	9.236	9.193	9.21	9.189	9.19	9.187	9.232	9.201	9.24	9.194	9.185	9.209	9.17	9.206	9.19	9.205	9.197	9.183	9.17	9.205	9.182	9.167	9.189	9.197	9.205	9.163	9.181	9.201	9.169	9.178	9.191	9.181	9.185	9.194	9.166	9.187	9.176	9.172	9.153	9.177	9.176	9.184	9.176	9.158	9.191	9.172	9.206	9.15	9.163	9.163	9.201	9.211	9.19	9.176	9.174	9.189	9.209	9.192	9.207	9.171	9.183	9.182	9.174	9.197	9.166	9.127	9.167	9.2	9.199	9.181	9.196	9.17	9.181	9.178	9.167	9.18	9.174	9.194	9.203	9.196	9.197	9.163	9.203	9.201	9.178	9.156	9.177	9.167	9.191	9.201	9.176	9.158	9.179	9.172	9.205	9.2	9.196	9.174	9.161	9.201	9.174	9.186	9.184	9.194	9.201	9.22	9.216	9.196	9.177	9.199	9.213	9.207	9.176	9.189	9.209	9.198	9.206	9.204	9.205	9.184	9.205	9.236	9.189	9.187	9.22	9.171	9.203	9.217	9.216	9.174	9.181	9.209	9.223	9.211	9.208	9.208	9.174	9.231	9.232	9.199	9.191	9.217	9.197	9.22	9.212	9.212	9.21	9.217	9.239	9.219	9.217	9.199	9.206	9.234	9.216	9.208	9.196	9.194	9.22	9.247	9.221	9.187	9.21	9.2	9.208	9.214	9.177	9.174	9.187	9.194	9.243	9.183	9.216	9.189	9.194	9.211	9.207	9.203	9.197	9.183	9.227	9.207	9.214	9.187	9.187	9.244	9.208	9.201	9.196	9.163	9.212	9.212	9.21	9.192	9.181	9.206	9.187	9.218	9.194	9.214	9.193	9.227	9.216	9.208	9.21	9.176	9.227	9.227	9.236	9.227	9.209	9.224	9.226	9.211	9.208	9.181	9.212	9.206	9.207	9.197	9.197	9.197	9.217	9.212	9.24	9.218	9.204	9.193	9.207	9.224	9.193	9.223	9.191	9.196	9.218	9.212	9.234	9.2	9.203	9.214	9.214	9.238	9.206	9.209	9.209	9.223	9.23	9.226	9.198	9.227	9.243	9.231	9.221	9.214	9.194	9.214	9.218	9.227	9.201	9.208	9.221	9.181	9.204	9.209	9.183	9.189	9.204	9.267	9.226	9.201	9.222	9.185	9.234	9.189	9.209	9.185	9.224	9.191	9.209	9.212	9.192	9.217	9.203	9.23	9.204	9.187	9.179	9.174	9.201	9.216	9.204	9.179	9.219	9.21	9.214	9.211	9.196	9.183	9.203	9.179	9.243	9.225	9.184	9.194	9.209	9.216	9.229	9.197	9.201	9.179	9.196	9.214	9.229	9.181	9.177	9.19	9.216	9.22	9.21	9.183	9.219	9.221	9.194	9.212	9.201	9.211	9.233	9.222	9.234	9.216	9.196	9.227	9.214	9.207	9.19	9.169	9.233	9.19	9.209	9.207	9.197	9.205	9.236	9.189	9.227	9.183	9.217	9.199	9.204	9.219	9.203	9.194	9.179	9.243	9.218	9.223	9.212	9.196	9.197	9.192	9.203	9.217	9.171	9.165	9.176	9.227	9.181	9.201	9.186	9.165	9.185	9.187	9.177	9.193	9.167	9.194	9.208	9.193	9.229	9.196	9.183	9.22	9.191	9.179	9.2	9.178	9.222	9.214	9.183	9.176	9.176	9.236	9.216	9.203	9.184	9.164	9.193	9.196	9.199	9.2	9.142	9.174	9.206	9.214	9.189	9.214	9.18	9.223	9.19	9.196	9.186	9.174	9.182	9.201	9.218	9.221	9.171	9.213	9.184	9.216	9.219	9.203	9.174	9.183	9.222	9.196	9.176	9.187	9.198	9.187	9.206	9.212	9.214	9.229	9.183	9.218	9.203	9.204	9.189	9.199	9.177	9.213	9.199	9.209	9.17	9.23	9.212	9.198	9.216	9.18	9.165	9.177	9.223	9.217	9.186	9.183	9.208	9.214	9.233	9.184	9.229	9.174	9.187	9.193	9.193	9.212	9.176	9.176	9.203	9.201	9.176	9.176	9.178	9.171	9.186	9.166	9.203	9.169	9.186	9.194	9.236	9.197	9.203	9.177	9.177	9.214	9.176	9.183	9.161	9.181	9.222	9.232	9.174	9.186	9.187	9.229	9.216	9.199	9.177	9.181	9.176	9.184	9.233	9.201	9.176	9.223	9.211	9.205	9.201	9.216	9.211	9.192	9.211	9.197	9.189	9.182	9.201	9.216	9.211	9.201	9.194	9.217	9.216	9.243	9.214	9.187	9.201	9.194	9.25	9.231	9.181	9.201	9.203	9.227
9.174	9.232	9.236	9.21	9.204	9.187	9.227	9.214	9.213	9.218	9.173	9.198	9.201	9.224	9.209	9.213	9.22	9.181	9.201	9.205	9.194	9.216	9.16	9.201	9.203	9.216	9.191	9.172	9.18	9.217	9.203	9.181	9.171	9.159	9.177	9.214	9.184	9.213	9.158	9.177	9.22	9.183	9.186	9.186	9.172	9.196	9.229	9.193	9.176	9.174	9.203	9.214	9.221	9.209	9.231	9.182	9.224	9.201	9.179	9.169	9.186	9.204	9.194	9.211	9.184	9.158	9.181	9.224	9.208	9.216	9.18	9.178	9.182	9.2	9.221	9.158	9.185	9.201	9.223	9.209	9.177	9.194	9.171	9.172	9.224	9.203	9.187	9.177	9.173	9.18	9.211	9.196	9.174	9.171	9.184	9.181	9.213	9.214	9.154	9.19	9.191	9.226	9.209	9.216	9.182	9.227	9.24	9.194	9.181	9.176	9.21	9.216	9.197	9.214	9.185	9.182	9.173	9.222	9.161	9.169	9.204	9.184	9.193	9.179	9.18	9.194	9.209	9.208	9.184	9.163	9.201	9.165	9.163	9.196	9.193	9.171	9.158	9.173	9.201	9.201	9.191	9.184	9.166	9.193	9.177	9.17	9.163	9.154	9.173	9.186	9.198	9.159	9.198	9.181	9.181	9.205	9.205	9.181	9.163	9.19	9.194	9.191	9.18	9.187	9.199	9.221	9.194	9.208	9.203	9.19	9.219	9.183	9.209	9.201	9.18	9.19	9.206	9.19	9.182	9.165	9.193	9.209	9.216	9.211	9.172	9.182	9.233	9.19	9.218	9.208	9.193	9.194	9.229	9.212	9.176	9.206	9.201	9.213	9.211	9.194	9.181	9.201	9.194	9.196	9.21	9.203	9.207	9.194	9.196	9.212	9.193	9.176	9.185	9.223	9.236	9.221	9.21	9.196	9.197	9.225	9.213	9.197	9.187	9.176	9.222	9.211	9.192	9.19	9.221	9.198	9.233	9.216	9.184	9.182	9.217	9.21	9.222	9.227	9.222	9.244	9.194	9.209	9.213	9.219	9.178	9.194	9.201	9.236	9.214	9.181	9.189	9.216	9.218	9.217	9.207	9.191	9.226	9.219	9.198	9.203	9.2	9.197	9.249	9.241	9.205	9.231	9.207	9.208	9.241	9.226	9.207	9.211	9.246	9.223	9.221	9.203	9.204	9.197	9.231	9.252	9.216	9.203	9.196	9.206	9.213	9.234	9.201	9.216	9.189	9.185	9.247	9.223	9.187	9.171	9.187	9.22	9.207	9.212	9.173	9.182	9.18	9.231	9.239	9.206	9.194	9.213	9.229	9.212	9.197	9.217	9.185	9.225	9.222	9.216	9.207	9.196	9.201	9.218	9.221	9.226	9.203	9.209	9.224	9.208	9.222	9.194	9.203	9.243	9.223	9.268	9.213	9.19	9.201	9.217	9.234	9.207	9.189	9.204	9.221	9.209	9.196	9.197	9.216	9.206	9.216	9.204	9.199	9.191	9.186	9.229	9.229	9.225	9.192	9.201	9.201	9.252	9.222	9.21	9.21	9.197	9.203	9.219	9.227	9.198	9.201	9.209	9.238	9.201	9.196	9.214	9.232	9.212	9.221	9.214	9.185	9.161	9.256	9.219	9.199	9.214	9.182	9.216	9.227	9.214	9.208	9.201	9.194	9.232	9.203	9.194	9.197	9.19	9.213	9.229	9.203	9.204	9.194	9.192	9.243	9.238	9.185	9.211	9.2	9.201	9.245	9.203	9.203	9.211	9.201	9.198	9.209	9.189	9.216	9.191	9.241	9.254	9.209	9.222	9.209	9.211	9.225	9.241	9.227	9.206	9.2	9.2	9.225	9.201	9.183	9.196	9.191	9.223	9.197	9.191	9.196	9.198	9.234	9.213	9.201	9.211	9.189	9.206	9.194	9.22	9.223	9.189	9.208	9.25	9.203	9.222	9.177	9.201	9.211	9.252	9.203	9.185	9.203	9.201	9.201	9.206	9.213	9.201	9.241	9.237	9.225	9.227	9.216	9.206	9.239	9.216	9.208	9.214	9.186	9.206	9.212	9.178	9.238	9.21	9.198	9.214	9.233	9.214	9.198	9.196	9.198	9.192	9.236	9.181	9.189	9.187	9.219	9.213	9.209	9.196	9.22	9.196	9.209	9.217	9.221	9.184	9.164	9.237	9.21	9.206	9.193	9.196	9.189	9.203	9.198	9.167	9.17	9.208	9.209	9.229	9.213	9.181	9.198	9.207	9.198	9.22	9.187	9.181	9.203	9.207	9.223	9.234	9.191	9.234	9.189	9.209	9.207	9.194	9.198	9.201	9.2	9.207	9.213	9.216	9.167	9.191	9.225	9.214	9.185	9.187	9.216	9.227	9.217	9.199	9.203	9.171	9.191	9.226	9.226	9.178	9.221	9.189	9.184	9.194	9.185	9.183	9.17	9.203	9.18	9.176	9.209	9.196	9.201	9.187	9.216	9.193	9.165	9.203	9.226	9.196	9.194	9.194	9.194	9.208	9.21	9.201	9.221	9.191	9.203	9.209	9.226	9.197	9.192	9.186	9.226	9.227	9.196	9.189	9.23	9.199	9.207	9.203	9.214	9.204	9.181	9.213
9.172	9.165	9.178	9.211	9.219	9.181	9.171	9.191	9.185	9.196	9.219	9.172	9.147	9.173	9.196	9.212	9.176	9.173	9.196	9.191	9.206	9.214	9.173	9.174	9.181	9.184	9.17	9.169	9.193	9.149	9.177	9.178	9.183	9.169	9.156	9.149	9.208	9.196	9.16	9.161	9.174	9.192	9.206	9.201	9.169	9.164	9.179	9.208	9.186	9.174	9.181	9.189	9.185	9.201	9.196	9.198	9.196	9.183	9.187	9.176	9.194	9.189	9.194	9.197	9.214	9.196	9.171	9.177	9.185	9.194	9.204	9.177	9.183	9.174	9.221	9.198	9.177	9.182	9.18	9.176	9.199	9.201	9.187	9.173	9.167	9.181	9.17	9.174	9.169	9.156	9.229	9.177	9.194	9.178	9.207	9.172	9.181	9.178	9.173	9.158	9.182	9.167	9.206	9.203	9.197	9.158	9.209	9.19	9.191	9.163	9.196	9.192	9.209	9.184	9.153	9.178	9.187	9.182	9.192	9.171	9.185	9.199	9.194	9.181	9.172	9.192	9.181	9.187	9.187	9.236	9.169	9.204	9.176	9.171	9.194	9.187	9.18	9.169	9.178	9.173	9.196	9.169	9.183	9.137	9.172	9.182	9.174	9.196	9.149	9.174	9.183	9.204	9.169	9.158	9.169	9.182	9.207	9.18	9.163	9.158	9.165	9.194	9.196	9.165	9.171	9.19	9.159	9.201	9.167	9.178	9.151	9.182	9.192	9.181	9.197	9.181	9.172	9.207	9.201	9.217	9.18	9.209	9.186	9.201	9.196	9.183	9.187	9.219	9.187	9.221	9.208	9.219	9.186	9.206	9.214	9.214	9.184	9.185	9.189	9.207	9.227	9.186	9.193	9.171	9.209	9.212	9.198	9.18	9.193	9.196	9.222	9.206	9.205	9.176	9.203	9.201	9.234	9.201	9.187	9.216	9.21	9.226	9.196	9.193	9.178	9.187	9.203	9.227	9.174	9.161	9.169	9.177	9.201	9.174	9.177	9.161	9.176	9.205	9.191	9.18	9.173	9.179	9.201	9.225	9.176	9.18	9.171	9.185	9.229	9.212	9.182	9.174	9.184	9.169	9.217	9.192	9.186	9.194	9.208	9.257	9.191	9.169	9.209	9.205	9.182	9.205	9.19	9.197	9.178	9.246	9.214	9.221	9.189	9.22	9.23	9.214	9.217	9.187	9.177	9.209	9.209	9.203	9.206	9.197	9.194	9.238	9.227	9.191	9.209	9.21	9.234	9.2	9.201	9.214	9.187	9.208	9.211	9.222	9.198	9.21	9.194	9.227	9.23	9.189	9.208	9.196	9.181	9.212	9.199	9.18	9.17	9.197	9.187	9.244	9.239	9.184	9.208	9.193	9.198	9.203	9.216	9.207	9.209	9.212	9.201	9.203	9.187	9.174	9.205	9.196	9.205	9.181	9.161	9.149	9.198	9.21	9.194	9.159	9.192	9.181	9.206	9.196	9.186	9.204	9.186	9.209	9.22	9.2	9.174	9.169	9.203	9.208	9.224	9.21	9.225	9.174	9.203	9.216	9.187	9.211	9.186	9.181	9.211	9.191	9.182	9.166	9.198	9.194	9.198	9.2	9.216	9.185	9.227	9.194	9.222	9.226	9.174	9.194	9.203	9.189	9.203	9.207	9.182	9.22	9.189	9.189	9.222	9.17	9.187	9.21	9.21	9.221	9.191	9.192	9.178	9.217	9.194	9.199	9.226	9.192	9.213	9.218	9.187	9.189	9.226	9.189	9.201	9.22	9.211	9.167	9.197	9.196	9.203	9.176	9.181	9.191	9.196	9.176	9.17	9.169	9.174	9.167	9.2	9.163	9.167	9.161	9.174	9.198	9.174	9.163	9.161	9.174	9.167	9.187	9.165	9.191	9.187	9.174	9.176	9.164	9.164	9.158	9.18	9.182	9.19	9.182	9.19	9.166	9.182	9.178	9.181	9.173	9.173	9.176	9.183	9.187	9.197	9.183	9.18	9.201	9.196	9.184	9.189	9.174	9.199	9.206	9.163	9.174	9.174	9.179	9.196	9.204	9.186	9.193	9.173	9.201	9.201	9.194	9.183	9.203	9.179	9.19	9.21	9.204	9.185	9.19	9.218	9.204	9.165	9.216	9.174	9.176	9.213	9.187	9.204	9.211	9.179	9.183	9.178	9.192	9.191	9.179	9.178	9.247	9.19	9.22	9.199	9.201	9.17	9.17	9.173	9.209	9.203	9.156	9.18	9.183	9.156	9.167	9.192	9.192	9.182	9.18	9.201	9.163	9.198	9.189	9.164	9.179	9.159	9.171	9.182	9.167	9.181	9.149	9.163	9.187	9.181	9.173	9.154	9.171	9.189	9.176	9.183	9.172	9.142	9.159	9.174	9.158	9.19	9.164	9.187	9.211	9.196	9.186	9.178	9.15	9.169	9.22	9.201	9.171	9.158	9.177	9.178	9.183	9.182	9.177	9.163	9.174	9.203	9.216	9.187	9.163	9.174	9.196	9.201	9.184	9.173	9.173	9.194	9.213	9.221	9.222	9.183	9.174	9.174	9.209	9.21	9.187	9.163	9.19	9.22	9.193	9.167	9.176	9.196	9.2	9.216	9.192	9.177	9.177
9.169	9.181	9.192	9.158	9.174	9.178	9.184	9.198	9.171	9.161	9.166	9.204	9.209	9.173	9.163	9.18	9.171	9.186	9.166	9.171	9.163	9.158	9.151	9.204	9.192	9.156	9.184	9.161	9.171	9.176	9.156	9.146	9.154	9.184	9.17	9.158	9.183	9.169	9.167	9.183	9.17	9.203	9.185	9.18	9.186	9.18	9.176	9.163	9.177	9.187	9.177	9.214	9.177	9.189	9.186	9.189	9.179	9.164	9.165	9.169	9.2	9.183	9.187	9.173	9.159	9.196	9.17	9.154	9.191	9.154	9.169	9.171	9.176	9.173	9.134	9.169	9.177	9.171	9.179	9.161	9.154	9.166	9.164	9.171	9.154	9.161	9.158	9.209	9.208	9.163	9.142	9.156	9.176	9.156	9.161	9.174	9.191	9.163	9.203	9.165	9.16	9.17	9.182	9.176	9.177	9.166	9.161	9.177	9.161	9.178	9.174	9.156	9.153	9.17	9.183	9.193	9.16	9.156	9.163	9.172	9.172	9.174	9.154	9.156	9.174	9.167	9.173	9.149	9.153	9.153	9.201	9.167	9.161	9.142	9.145	9.18	9.166	9.151	9.136	9.17	9.17	9.176	9.186	9.151	9.156	9.172	9.161	9.174	9.158	9.15	9.152	9.169	9.169	9.177	9.183	9.144	9.179	9.186	9.172	9.174	9.158	9.154	9.192	9.167	9.156	9.158	9.161	9.163	9.184	9.17	9.153	9.171	9.14	9.174	9.18	9.199	9.154	9.189	9.172	9.173	9.181	9.159	9.161	9.189	9.167	9.207	9.174	9.163	9.183	9.169	9.182	9.214	9.158	9.167	9.191	9.185	9.163	9.161	9.144	9.189	9.176	9.186	9.187	9.187	9.171	9.2	9.173	9.174	9.189	9.163	9.172	9.187	9.196	9.194	9.169	9.194	9.183	9.196	9.203	9.219	9.167	9.16	9.227	9.221	9.196	9.187	9.166	9.187	9.187	9.169	9.166	9.167	9.161	9.213	9.179	9.166	9.18	9.174	9.184	9.182	9.171	9.154	9.163	9.174	9.189	9.183	9.167	9.159	9.19	9.192	9.169	9.156	9.166	9.143	9.164	9.213	9.174	9.183	9.163	9.167	9.183	9.156	9.158	9.161	9.193	9.208	9.174	9.134	9.177	9.172	9.189	9.201	9.163	9.149	9.196	9.201	9.198	9.234	9.198	9.171	9.183	9.213	9.194	9.181	9.191	9.176	9.186	9.21	9.177	9.159	9.187	9.201	9.191	9.182	9.203	9.177	9.161	9.194	9.196	9.196	9.184	9.189	9.184	9.179	9.19	9.166	9.181	9.209	9.194	9.19	9.189	9.17	9.182	9.218	9.226	9.189	9.174	9.176	9.2	9.187	9.209	9.209	9.199	9.196	9.217	9.229	9.203	9.182	9.167	9.179	9.191	9.198	9.189	9.173	9.208	9.204	9.172	9.174	9.174	9.185	9.209	9.229	9.181	9.154	9.201	9.158	9.212	9.213	9.179	9.172	9.197	9.19	9.191	9.192	9.181	9.167	9.196	9.185	9.208	9.167	9.183	9.194	9.193	9.201	9.192	9.177	9.178	9.207	9.193	9.187	9.169	9.147	9.189	9.212	9.205	9.203	9.219	9.165	9.207	9.2	9.189	9.153	9.182	9.176	9.184	9.198	9.154	9.189	9.156	9.206	9.167	9.174	9.16	9.14	9.18	9.193	9.179	9.172	9.169	9.161	9.193	9.208	9.179	9.158	9.192	9.191	9.182	9.189	9.164	9.166	9.197	9.214	9.209	9.166	9.174	9.163	9.204	9.214	9.185	9.201	9.178	9.185	9.189	9.167	9.181	9.172	9.194	9.193	9.173	9.198	9.156	9.153	9.201	9.203	9.174	9.167	9.178	9.176	9.211	9.189	9.173	9.174	9.198	9.206	9.186	9.169	9.163	9.179	9.189	9.19	9.19	9.194	9.194	9.207	9.172	9.217	9.214	9.196	9.185	9.22	9.187	9.2	9.213	9.201	9.19	9.171	9.203	9.171	9.191	9.197	9.222	9.194	9.182	9.17	9.174	9.218	9.201	9.182	9.18	9.151	9.169	9.211	9.201	9.196	9.18	9.176	9.197	9.192	9.176	9.17	9.196	9.193	9.201	9.185	9.185	9.176	9.189	9.213	9.197	9.19	9.149	9.17	9.184	9.182	9.167	9.163	9.151	9.164	9.196	9.181	9.167	9.164	9.189	9.191	9.179	9.216	9.169	9.171	9.181	9.196	9.17	9.163	9.159	9.174	9.189	9.181	9.211	9.146	9.169	9.181	9.207	9.172	9.159	9.171	9.172	9.185	9.163	9.142	9.182	9.176	9.183	9.187	9.187	9.165	9.167	9.187	9.189	9.18	9.173	9.171	9.163	9.193	9.177	9.189	9.174	9.167	9.174	9.187	9.154	9.189	9.172	9.174	9.179	9.194	9.209	9.156	9.177	9.184	9.203	9.169	9.174	9.158	9.177	9.174	9.181	9.147	9.182	9.172	9.152	9.169	9.167	9.158	9.187	9.18	9.192	9.179	9.211	9.164	9.176	9.181	9.169	9.159	9.176	9.17	9.194	9.177	9.187	9.176	9.143	9.176
9.061	9.051	9.011	9.041	9.055	9.051	9.016	9.011	9.009	9.026	9.066	9.046	9.023	9.028	9.054	9.042	9.065	9.042	9.018	9.019	9.062	9.073	9.054	9.012	8.991	9.051	9.036	9.034	9.015	9.026	9.022	9.051	9.055	9.036	9.019	8.998	9.023	9.038	9.054	9.012	9.043	9.026	9.038	9.026	9.056	8.996	9.049	9.002	9.054	9.051	9.014	9.044	9.029	9.059	9.074	9.029	9.035	9.038	9.036	9.039	9.049	9.014	9.016	9.046	9.063	9.045	9.047	9.036	9.025	9.047	9.027	9.029	9.007	9.003	9.046	9.004	9.015	9	9.023	9.019	9.076	9.019	9.023	9.038	9.023	9.029	9.067	9.049	9.009	9.02	9.057	9.038	9.078	9.043	9.013	9.059	9.055	9.036	9.011	9.009	9.007	9.033	9.06	9.019	9.014	9.025	9.052	9.065	9.069	9.045	9.017	9.036	9.072	9.051	8.999	9.018	9.027	9.043	9.042	9.036	8.996	9.023	9.041	9.047	9.04	9.016	9.006	9.004	9.016	9.084	9.036	8.998	9.011	9.036	9.039	9.039	9.026	9.024	8.976	9.038	9.028	9.006	9.011	9.014	9.044	9.025	9.013	9.011	9.02	9.004	9.038	9.029	9.023	8.985	9.017	9.034	9.018	9.012	9.011	9.009	9.013	9.054	9.022	8.991	9.012	9.017	9.031	9.032	9.026	8.992	9.015	8.999	9.028	9.034	8.992	9.011	9.069	9.031	9.028	9.034	9.042	9.041	9.065	9.036	9.007	9.007	9.042	9.025	9.062	9.032	8.996	9.025	9.068	9.042	9.08	9.005	9.001	9.016	9.071	9.089	9.032	9.064	9.046	9.068	9.062	9.081	9.035	9.04	9.065	9.059	9.032	9.031	9.005	9.074	9.062	9.079	9.035	9.04	9.023	9.074	9.074	9.074	9.047	9.023	9.038	9.069	9.046	9.023	9.029	9.036	9.029	9.056	9.056	9.033	8.998	9.061	9.054	9.011	9.045	9.009	9.069	9.057	9.038	9.038	9.032	9.026	9.031	9.062	9.036	8.995	9.036	9.056	9.032	9.071	9.049	8.999	9.026	9.041	9.056	9.04	9.006	9.029	9.078	9.052	9.096	9.012	9.026	9.047	9.083	9.057	9.045	9.052	9.042	9.063	9.071	9.078	9.058	9.041	9.039	9.071	9.073	9.059	9.056	9.056	9.034	9.089	9.064	9.059	9.039	9.078	9.089	9.083	9.04	9.039	9.073	9.071	9.101	9.079	9.067	9.052	9.078	9.047	9.051	9.053	9.042	9.065	9.096	9.047	9.062	9.043	9.043	9.062	9.102	9.013	9.035	9.023	9.071	9.067	9.076	9.051	9.045	9.061	9.109	9.081	9.051	9.053	9.079	9.069	9.081	9.059	9.047	9.003	9.055	9.074	9.031	9.046	9.011	9.078	9.074	9.056	9.036	9.025	9.063	9.061	9.044	9.06	9.047	9.052	9.094	9.069	9.055	9.049	9.032	9.043	9.082	9.094	9.071	9.034	9.064	9.056	9.08	9.049	9.051	9.059	9.047	9.062	9.056	9.041	9.016	9.038	9.068	9.054	9.021	9.036	9.062	9.045	9.06	9.054	9.038	9.025	9.068	9.062	9.052	9.08	9.034	9.027	9.011	9.042	9.036	9.018	9.018	9.071	9.057	9.038	9.049	9.016	9.019	9.058	9.049	9.032	9.002	9.013	9.049	9.056	9.035	9.029	9.027	9.038	9.067	9.031	9.065	9.029	9.053	9.055	9.049	9.013	9.029	9.052	9.061	9.047	9.049	9.051	9.029	9.043	9.036	9.047	9.006	9.035	9.021	9.056	9.091	9.033	9.034	9.046	9.062	9.082	9.071	8.983	9.015	9.054	9.06	9.072	9.023	9.036	9.038	9.062	9.067	9.042	9.049	9.052	9.047	9.056	9.051	9.044	9.025	9.046	9.062	9.058	9.069	9.051	9.051	9.063	9.06	9.028	9.031	9.035	9.069	9.065	9.038	9.051	9.058	9.042	9.064	9.093	9.061	9.026	9.031	9.023	9.079	9.056	9.051	9.036	9.04	9.071	9.058	9.042	9.049	9.047	9.074	9.054	9.061	9.019	9.052	9.044	9.091	9.059	9.068	9.023	9.082	9.069	9.087	9.055	9.035	9.024	9.085	9.047	9.026	9.025	9.041	9.045	9.056	9.056	9.033	9.007	9.027	9.031	9.046	9.046	9.007	9.016	9.068	9.029	9.051	9.002	9.053	9.029	9.04	9.042	8.998	9.031	9.022	9.055	9.038	9.042	9.036	9.043	9.066	9.052	9.053	9.028	9.042	9.067	9.052	9.036	9.056	9.045	9.042	9.062	9.043	9.041	9.007	9.058	9.027	9.071	9.066	9.027	9.051	9.064	9.041	9.087	9.053	9.036	9.062	9.079	9.074	9.047	9.041	9.007	9.031	9.085	9.023	9.039	9.006	9.034	9.051	9.042	9.042	9.027	9.025	9.038	9.064	9.044	9.047	9.017	9.043	9.041	9.065	9.047	9.035	9.036	9.064	9.058	9.049	9.047	9.029	9.036	9.064	9.063	9.069	9.026
8.964	8.958	8.919	8.929	8.924	8.944	8.954	8.945	8.958	8.922	8.956	8.965	8.952	8.929	8.902	8.964	8.945	8.951	8.937	8.895	8.945	8.964	8.952	8.922	8.934	8.949	8.933	8.908	8.958	8.935	8.929	8.898	8.956	8.928	8.913	8.947	8.929	8.913	8.951	8.933	8.931	8.94	8.931	8.929	8.985	8.951	8.928	8.919	8.932	8.92	8.983	8.929	8.934	8.922	8.94	8.956	8.931	8.941	8.899	8.933	8.921	8.964	8.965	8.959	8.929	8.911	8.946	8.949	8.938	8.936	8.938	8.931	8.936	8.935	8.916	8.931	8.945	8.944	8.958	8.937	8.936	8.943	8.949	8.956	8.903	8.901	8.922	8.907	8.94	8.967	8.893	8.904	8.911	8.969	8.949	8.911	8.932	8.918	8.929	8.975	8.955	8.941	8.914	8.945	8.949	8.965	8.905	8.915	8.931	8.919	8.954	8.922	8.943	8.935	8.949	8.993	8.942	8.894	8.882	8.936	8.937	8.947	8.951	8.951	8.898	8.967	8.911	8.951	8.937	8.913	8.924	8.931	8.94	8.934	8.926	8.898	8.913	8.96	8.925	8.916	8.944	8.946	8.949	8.974	8.967	8.944	8.948	8.956	8.972	8.934	8.902	8.909	8.935	8.926	8.945	8.885	8.924	8.903	8.971	8.956	8.969	8.931	8.929	8.942	8.967	8.915	8.911	8.924	8.984	8.937	8.964	8.956	8.938	8.933	8.969	8.967	8.971	8.936	8.894	8.921	8.962	8.962	8.98	8.92	8.921	8.989	8.961	8.972	8.951	8.939	8.929	8.956	8.984	8.962	8.947	8.937	8.983	8.966	8.969	8.941	8.925	8.948	8.971	8.985	8.956	8.936	8.954	8.976	8.971	8.959	8.98	8.953	8.954	8.954	8.989	8.969	8.934	8.935	8.971	9.007	8.981	8.949	8.964	8.967	8.934	8.951	8.98	8.959	8.967	8.987	9.013	8.929	8.954	8.935	8.985	8.972	8.981	8.939	8.965	8.949	8.994	8.956	8.946	8.913	8.966	8.964	8.96	8.969	8.933	8.92	8.928	8.962	8.939	8.931	8.929	8.958	8.951	8.949	8.927	8.907	8.935	8.981	8.951	8.984	8.917	8.877	8.931	8.955	8.943	8.949	8.948	8.967	8.958	8.948	8.951	8.925	8.951	8.962	8.954	8.967	8.959	8.938	8.939	8.983	8.958	8.958	8.98	8.942	8.979	9.013	8.971	8.936	8.942	8.951	8.969	8.976	8.954	8.953	8.958	9.001	8.941	8.958	8.961	8.946	8.94	8.994	8.974	8.979	8.951	8.933	8.969	8.971	8.955	8.953	8.964	8.943	9.011	8.992	8.962	8.962	8.935	8.967	8.98	8.973	8.937	8.928	8.946	8.983	8.937	8.977	8.94	8.944	8.98	8.966	8.962	8.922	8.911	8.943	8.982	8.96	8.931	8.932	8.913	8.951	8.972	8.987	8.956	8.949	8.978	8.998	8.981	8.969	8.916	8.924	8.919	8.956	8.931	8.958	8.969	8.948	8.951	9.011	8.955	8.958	8.951	8.982	8.966	8.962	8.916	8.982	8.962	8.955	8.944	8.945	8.958	8.944	8.944	8.964	8.891	8.931	8.933	8.975	8.991	8.941	8.952	8.924	8.983	9.013	8.952	8.949	8.958	8.944	8.959	9.001	8.976	8.948	8.971	8.949	8.973	8.953	8.944	8.944	8.947	8.994	8.962	8.927	8.929	8.948	8.976	8.966	8.967	8.921	8.927	8.956	8.979	8.946	8.901	8.926	8.919	8.972	8.979	8.955	8.929	8.924	8.998	8.935	8.958	8.929	8.936	8.979	8.969	8.971	8.981	8.956	8.989	8.966	8.967	8.945	8.958	8.932	8.932	9	8.987	8.937	8.951	8.984	8.958	8.96	8.958	8.929	8.921	8.936	8.991	8.942	8.936	8.956	8.928	8.964	8.969	8.945	8.956	8.945	8.939	8.936	8.964	8.948	8.921	8.956	8.989	8.967	8.952	8.944	8.927	8.956	8.984	8.971	8.911	8.931	8.939	8.978	8.952	8.922	8.922	8.936	8.953	8.962	8.964	8.909	8.911	8.937	8.971	8.951	8.931	8.927	8.972	8.971	8.973	8.932	8.946	8.921	8.983	9.017	8.955	8.924	8.928	8.967	8.975	8.965	8.939	8.966	8.962	8.979	8.953	8.976	8.952	8.936	8.921	8.961	8.971	8.948	8.911	8.939	8.955	8.958	8.948	8.934	8.943	8.928	8.951	8.975	8.906	8.943	8.955	8.988	8.964	8.944	8.934	8.943	8.936	8.976	8.944	8.917	8.949	8.944	8.971	8.973	8.944	8.927	8.936	8.964	8.964	8.964	8.929	8.942	8.937	8.973	8.925	8.958	8.949	8.951	8.928	8.96	8.944	8.909	8.94	8.958	8.976	9.002	8.984	8.948	8.932	8.937	8.948	8.919	8.954	8.937	8.969	8.969	8.959	8.955	8.951	8.955	8.978	8.973	8.944	8.928	8.891	8.951	8.986	8.967	8.922	8.973	8.951	8.981	8.996	8.98	8.954	8.973	8.991	8.982
9.051	9.068	9.047	9.046	9.045	9.056	9.016	9.056	9.043	9.042	9.042	9.035	9.023	9.068	9.097	9.04	9.042	9.063	9.059	9.057	9.055	9.024	9.032	9.057	9.054	9.074	9.027	9.031	9.021	9.025	9.057	9.036	9.023	9.029	9.054	9.061	9.034	9.024	9.016	9.041	9.049	9.031	9.023	9.039	9.033	9.079	9.078	9.046	9.058	9.007	9.065	9.062	9.065	9.006	9.02	9.007	9.078	9.059	9.062	9.042	9.032	9.045	9.102	9.032	9.025	9.025	9.029	9.057	9.047	9.043	9.029	9.038	9.073	9.044	9.054	9.033	9.005	9.024	9.031	9.036	9.036	9.047	9.024	9.052	9.08	9.058	9.026	9.016	9.039	9.045	9.047	9.021	9.032	9.046	9.065	9.049	9.042	9.022	9.018	9.047	9.058	9.062	9.043	9.02	9.046	9.049	9.054	9.009	9.011	9.019	9.042	9.076	9.035	9.042	9.038	9.06	9.051	9.055	9.047	9.023	9.045	9.047	9.062	9.049	9.032	9.039	9.061	9.059	9.055	9.018	9.045	9.009	9.046	9.071	9.036	9.011	8.994	9.035	9.02	9.013	9.056	9.017	9.011	9.027	9.038	9.019	9.034	9.007	9.029	9.036	9.046	9.007	8.989	9.009	9.04	9.033	9.033	8.998	9.013	9.057	9.036	9.023	9.022	9.007	9.036	9.062	9.052	9.047	9.001	9.027	9.027	9.066	9.035	9.014	9.02	9.04	9.047	9.043	9.033	9.012	9.047	9.049	9.062	9.042	9.012	9.016	9.034	9.046	9.065	9.02	9.041	9.026	9.065	9.044	9.043	9.038	9.023	9.021	9.056	9.076	9.038	9.025	9.032	9.064	9.057	9.017	9.047	9.034	9.08	9.042	9.044	9.045	9.032	9.029	9.069	9.049	9.038	9.051	9.041	9.046	9.091	9.079	9.044	9.027	9.029	9.039	9.035	9.031	9.025	9.009	9.044	9.028	9.028	9.005	9.003	9.025	9.034	9.069	9	9.021	8.994	9.007	9.04	9.022	9.026	9.004	9.016	9.039	9.042	9.013	9.023	9.002	9.031	9.062	9.023	8.976	8.988	9.015	9.045	9.009	9.017	8.993	9.009	9.041	9.029	9.014	9.014	9.003	9.029	9.06	9.022	9.02	9.007	9.031	9.069	9.055	9.029	9.033	9.019	9.029	9.068	9.049	9.033	9.021	9.029	9.054	9.053	9.026	9.026	9.034	9.078	9.073	9.036	9.013	9.011	9.036	9.057	9.056	9.032	9.005	9.022	9.071	9.049	9.047	9.027	9.038	9.038	9.062	9.066	9.028	9.019	9.028	9.042	9.049	9.049	9.009	9.029	9.038	9.051	9.023	9.016	8.996	9.038	9.04	9.038	9.041	8.995	8.976	9.029	9.041	9.049	9	9.006	9.034	9.059	9.023	9.015	9.004	8.996	8.986	9.018	8.986	9.038	8.989	9.011	9.007	9.038	8.999	9.001	8.985	9.011	9.025	9.004	9.012	8.973	8.999	9.012	9.016	8.993	8.986	9.018	9.02	9.016	9.013	8.996	9	9.053	9.042	9.033	9.005	8.992	9.018	9.029	9.043	9.015	9.002	8.998	9.012	9.017	9.021	8.999	9	9.021	9.014	9.02	9.012	8.999	8.975	9.036	9.017	9.003	8.987	8.986	9.009	9.036	9.031	9.041	9.038	8.998	9.022	9.081	9.019	9.049	9.014	9.076	9.041	9.016	9.038	9.024	9.015	9.045	9.029	9.055	9.033	9.043	9.039	9.073	9.023	9.036	9.013	9.029	9.023	9.031	9.026	9.021	9.025	9.032	9.034	9.031	9.036	9.027	8.998	9.022	9.023	9.029	8.998	9.017	9.033	9.045	8.994	9.018	8.999	8.989	9.034	9.009	8.984	9.016	9.024	9.027	8.999	9.038	9.007	9.005	9.02	9.051	9.022	8.989	8.998	8.985	9.036	9.047	9.002	8.985	9.036	9.012	9.022	8.998	8.991	9.023	9.016	9.004	9.025	9.018	9.021	8.996	9.044	9.006	9.031	9.011	9.02	8.998	9.004	9.028	9.009	9.057	8.989	9.04	9.049	9.015	8.989	9.047	9.011	9.028	9.078	9.016	8.98	8.996	9.011	8.996	9.045	9.015	9.049	9.041	9.047	9.029	9.035	9.029	9.029	9.045	9.055	9.043	9	9.032	9.051	9.067	9.025	9.053	9.026	9.039	9.044	9.063	9.031	9.015	9.036	9.019	9.065	9.013	9.025	9.029	9.033	9.036	9.049	9.025	9.052	9.026	9.055	9.013	9.025	9.012	9.004	9.065	9.025	9.038	9.029	9.025	9.029	9.052	9.044	9.029	9.021	9.012	9.052	9.022	9.033	9.04	9.027	9.012	9.036	9.029	9.04	9.013	9.011	9.015	9.016	9.021	9.031	8.989	9.039	9.027	9.033	9.018	9.002	9.042	9.064	9.033	9.039	9.015	9.017	9.042	9.04	9.034	9.036	9.043	9.036	9.055	9.055	9.025	9.034	9.02	9.04	9.047	9.056	9.027	9.002	9.023	9.036	9.047	9.049	9.023	9.016
9.739	9.731	9.733	9.711	9.726	9.724	9.717	9.717	9.694	9.703	9.722	9.717	9.726	9.719	9.714	9.726	9.726	9.731	9.731	9.731	9.728	9.728	9.739	9.721	9.699	9.723	9.722	9.744	9.731	9.717	9.728	9.729	9.715	9.722	9.717	9.717	9.713	9.726	9.747	9.726	9.704	9.709	9.711	9.711	9.741	9.731	9.726	9.723	9.727	9.723	9.728	9.738	9.706	9.713	9.741	9.72	9.714	9.709	9.704	9.706	9.72	9.72	9.713	9.713	9.709	9.715	9.726	9.739	9.709	9.702	9.71	9.711	9.735	9.722	9.734	9.707	9.717	9.734	9.719	9.704	9.699	9.711	9.711	9.712	9.712	9.715	9.711	9.697	9.7	9.719	9.711	9.686	9.694	9.697	9.711	9.708	9.684	9.671	9.717	9.715	9.712	9.691	9.682	9.68	9.702	9.686	9.684	9.675	9.684	9.672	9.67	9.68	9.679	9.677	9.672	9.666	9.693	9.668	9.68	9.668	9.674	9.673	9.673	9.662	9.652	9.649	9.658	9.677	9.681	9.67	9.639	9.633	9.672	9.656	9.661	9.65	9.635	9.656	9.664	9.658	9.66	9.644	9.652	9.659	9.655	9.655	9.639	9.648	9.641	9.651	9.654	9.653	9.649	9.65	9.646	9.653	9.66	9.653	9.648	9.626	9.626	9.643	9.646	9.654	9.639	9.646	9.66	9.643	9.653	9.646	9.629	9.644	9.64	9.648	9.644	9.622	9.621	9.632	9.636	9.656	9.637	9.634	9.619	9.628	9.642	9.634	9.637	9.626	9.624	9.633	9.635	9.617	9.627	9.619	9.633	9.631	9.614	9.608	9.614	9.622	9.653	9.644	9.632	9.606	9.617	9.619	9.639	9.631	9.621	9.611	9.608	9.626	9.636	9.626	9.629	9.623	9.635	9.616	9.629	9.615	9.608	9.595	9.609	9.624	9.613	9.597	9.584	9.599	9.637	9.61	9.627	9.613	9.596	9.631	9.61	9.626	9.599	9.572	9.597	9.643	9.65	9.606	9.596	9.62	9.641	9.611	9.613	9.609	9.578	9.592	9.62	9.618	9.604	9.62	9.587	9.617	9.609	9.608	9.599	9.592	9.604	9.626	9.595	9.602	9.592	9.592	9.596	9.604	9.601	9.599	9.602	9.597	9.62	9.635	9.599	9.606	9.593	9.619	9.617	9.597	9.601	9.636	9.586	9.586	9.624	9.597	9.599	9.578	9.57	9.599	9.604	9.579	9.591	9.603	9.586	9.59	9.604	9.606	9.579	9.57	9.576	9.597	9.577	9.586	9.591	9.579	9.561	9.612	9.592	9.568	9.595	9.573	9.584	9.582	9.573	9.582	9.579	9.586	9.575	9.602	9.559	9.566	9.577	9.587	9.584	9.581	9.561	9.557	9.575	9.578	9.586	9.573	9.546	9.566	9.566	9.571	9.572	9.557	9.579	9.586	9.579	9.565	9.574	9.556	9.566	9.575	9.588	9.577	9.575	9.556	9.573	9.575	9.583	9.576	9.581	9.544	9.573	9.566	9.588	9.571	9.556	9.559	9.599	9.577	9.599	9.561	9.561	9.566	9.559	9.568	9.568	9.583	9.566	9.568	9.581	9.59	9.57	9.562	9.583	9.587	9.594	9.563	9.575	9.571	9.569	9.581	9.59	9.554	9.547	9.545	9.559	9.564	9.559	9.552	9.569	9.545	9.568	9.577	9.573	9.561	9.565	9.576	9.566	9.566	9.588	9.552	9.551	9.563	9.584	9.581	9.556	9.565	9.559	9.568	9.563	9.552	9.549	9.548	9.549	9.568	9.578	9.592	9.584	9.575	9.576	9.57	9.579	9.562	9.565	9.566	9.573	9.604	9.565	9.552	9.568	9.569	9.572	9.576	9.561	9.552	9.541	9.547	9.565	9.557	9.559	9.547	9.543	9.542	9.592	9.543	9.539	9.581	9.551	9.562	9.562	9.543	9.538	9.551	9.568	9.561	9.574	9.541	9.564	9.554	9.561	9.57	9.548	9.541	9.543	9.581	9.57	9.57	9.553	9.545	9.547	9.557	9.553	9.566	9.557	9.546	9.544	9.568	9.562	9.559	9.539	9.552	9.561	9.573	9.557	9.546	9.533	9.568	9.571	9.565	9.548	9.534	9.542	9.548	9.557	9.555	9.557	9.531	9.531	9.561	9.552	9.557	9.551	9.534	9.555	9.555	9.546	9.534	9.524	9.538	9.554	9.547	9.554	9.55	9.536	9.546	9.545	9.548	9.561	9.554	9.571	9.545	9.554	9.555	9.546	9.544	9.539	9.554	9.553	9.552	9.543	9.536	9.538	9.553	9.568	9.545	9.522	9.538	9.525	9.548	9.552	9.536	9.538	9.557	9.556	9.546	9.539	9.547	9.546	9.581	9.565	9.557	9.576	9.546	9.523	9.547	9.555	9.552	9.544	9.53	9.533	9.568	9.571	9.561	9.545	9.524	9.539	9.55	9.592	9.545	9.536	9.536	9.533	9.549	9.546	9.546	9.546	9.564	9.561	9.569	9.561	9.535	9.528	9.542	9.546	9.559	9.547	9.539	9.533	9.546	9.556	9.542	9.533	9.543	9.528	9.538
