68.039	0	0	0	0	0	0	0	0	69.141	69.141	68.144	68.144	67.791	67.791	67.504	67.504	67.657	67.657	54.079	54.079	68.728	68.728	68.7	68.7	68.74	68.74	68.609	68.609	56.919	56.919	69.443	69.443	69.812	69.812	69.521	69.521	69.94	69.94	79.568	79.568	68.664	68.664	68.889	68.889	68.677	68.677	68.708	68.708	74.427	74.427	68.101	68.101	68.42	68.42	68.223	68.223	68.159	68.159	68.264
69.599	0	0	0	0	0	0	0	0	71.01	71.01	64.275	64.275	64.224	64.224	64.273	64.273	64.297	64.297	67.103	67.103	65.872	65.872	65.599	65.599	65.593	65.593	65.484	65.484	52.756	52.756	66.237	66.237	66.309	66.309	66.307	66.307	66.422	66.422	76.341	76.341	65.81	65.81	65.491	65.491	65.494	65.494	65.494	65.494	64.693	64.693	65.134	65.134	65.165	65.165	65.209	65.209	65.241	65.241	65.313
65.313	0	0	0	0	0	0	0	0	29.913	29.913	64.174	64.174	64.133	64.133	64.135	64.135	64.094	64.094	66.926	66.926	65.753	65.753	65.41	65.41	65.373	65.373	65.415	65.415	11.966	11.966	10.086	10.086	10.197	10.197	10.218	10.218	10.236	10.236	10.668	10.668	10.682	10.682	10.673	10.673	10.69	10.69	10.678	10.678	10.824	10.824	10.861	10.861	10.855	10.855	10.87	10.87	10.867	10.867	10.877
65.297	0	0	0	0	0	0	0	0	57.07	57.07	64.032	64.032	64.132	64.132	64.098	64.098	64.214	64.214	67.37	67.37	65.969	65.969	65.449	65.449	65.463	65.463	65.342	65.342	52.791	52.791	66.135	66.135	66.266	66.266	66.254	66.254	66.046	66.046	74.613	74.613	66.528	66.528	65.476	65.476	65.342	65.342	65.308	65.308	64.63	64.63	64.884	64.884	64.996	64.996	65.024	65.024	65.14	65.14	65.237
65.324	0	0	0	0	0	0	0	0	67.132	67.132	64.088	64.088	64.189	64.189	64.198	64.198	64.144	64.144	67.546	67.546	65.876	65.876	65.585	65.585	65.548	65.548	65.511	65.511	53.213	53.213	66.103	66.103	66.35	66.35	66.234	66.234	66.436	66.436	74.682	74.682	66.623	66.623	65.609	65.609	65.474	65.474	65.488	65.488	64.722	64.722	65.069	65.069	65.139	65.139	65.069	65.069	65.206	65.206	65.281
65.34	0	0	0	0	0	0	0	0	61.322	61.322	65.65	65.65	65.6	65.6	65.63	65.63	65.622	65.622	68.978	68.978	67.343	67.343	66.886	66.886	66.983	66.983	67.009	67.009	53.822	53.822	67.771	67.771	68.103	68.103	67.797	67.797	67.271	67.271	76.585	76.585	67.323	67.323	66.952	66.952	66.949	66.949	66.918	66.918	66.367	66.367	66.487	66.487	66.621	66.621	66.668	66.668	66.647	66.647	66.969
69.299	0	0	0	0	0	0	0	0	73.531	73.531	69.809	69.809	68.936	68.936	69.002	69.002	68.762	68.762	55.876	55.876	69.605	69.605	69.647	69.647	69.649	69.649	69.557	69.557	57.853	57.853	70.192	70.192	70.569	70.569	70.556	70.556	70.751	70.751	80.761	80.761	69.528	69.528	69.617	69.617	69.578	69.578	69.571	69.571	75.354	75.354	69.086	69.086	68.935	68.935	68.998	68.998	68.91	68.91	69.01
68.706	0	0	0	0	0	0	0	0	62.267	62.267	69.6	69.6	69.137	69.137	68.984	68.984	68.71	68.71	56.626	56.626	69.346	69.346	69.43	69.43	70.53	70.53	69.697	69.697	58.274	58.274	70.38	70.38	70.289	70.289	70.465	70.465	70.943	70.943	79.654	79.654	69.922	69.922	69.873	69.873	69.922	69.922	70.042	70.042	75.215	75.215	68.958	68.958	69.187	69.187	68.866	68.866	69.049	69.049	68.954
69.086	0	0	0	0	0	0	0	0	57.855	57.855	69.817	69.817	69.399	69.399	69.47	69.47	69.33	69.33	58.251	58.251	69.873	69.873	69.574	69.574	70.228	70.228	70.023	70.023	59.315	59.315	70.497	70.497	70.561	70.561	70.339	70.339	70.727	70.727	79.533	79.533	69.41	69.41	70.428	70.428	69.703	69.703	70.301	70.301	74.499	74.499	69.085	69.085	69.151	69.151	69.113	69.113	69.415	69.415	69.169
69.199	0	0	0	0	0	0	0	0	65.746	65.746	69.544	69.544	69.155	69.155	69.14	69.14	68.864	68.864	56.742	56.742	69.959	69.959	69.474	69.474	69.889	69.889	69.609	69.609	59.144	59.144	70.039	70.039	70.458	70.458	70.465	70.465	70.58	70.58	80.239	80.239	69.948	69.948	69.549	69.549	69.79	69.79	69.814	69.814	74.949	74.949	69.218	69.218	69.273	69.273	69.274	69.274	69.31	69.31	69.282
68.998	0	0	0	0	0	0	0	0	62.089	62.089	69.44	69.44	68.809	68.809	68.829	68.829	68.706	68.706	57.5	57.5	69.538	69.538	69.612	69.612	69.629	69.629	69.653	69.653	59.221	59.221	70.582	70.582	70.46	70.46	70.469	70.469	70.659	70.659	78.638	78.638	69.544	69.544	69.571	69.571	69.656	69.656	69.605	69.605	73.807	73.807	68.976	68.976	68.944	68.944	68.909	68.909	68.877	68.877	68.73
