35.57	35.492	35.469	35.422	35.414	35.32	35.227	35.242	35.16	35.176	35.172	35.168	35.156	35.187	35.176	35.25	35.234	35.316	35.316	35.402	35.402	35.398	35.441	35.414	35.434	35.48	35.5	35.488	35.559	35.555	35.574	35.652	35.668	35.664	35.66	35.734	35.824	35.824	35.82	35.836	35.836	35.828	35.84	35.859	35.918	35.914	35.895	35.992	35.98	35.98	36.008	35.984	35.996	36.039	36.008	36.008	36.094	36.102	36.09	36.152
54.465	54.414	54.324	54.238	54.152	54.07	54.047	54.004	53.898	53.895	53.832	53.832	53.84	53.828	53.914	54.004	54.082	54.082	54.164	54.16	54.242	54.242	54.242	54.246	54.246	54.254	54.266	54.254	54.285	54.34	54.332	54.336	54.426	54.426	54.445	54.5	54.496	54.492	54.5	54.492	54.5	54.496	54.469	54.402	54.414	54.418	54.426	54.418	54.414	54.406	54.426	54.336	54.32	54.332	54.336	54.324	54.32	54.324	54.336	54.332
54.324	54.242	54.246	54.07	54.059	54.004	53.922	53.82	53.816	53.84	53.746	53.66	53.75	53.762	53.832	53.848	53.937	54.012	54.004	54.07	54.047	54.098	54.172	54.16	54.16	54.18	54.164	54.176	54.164	54.164	54.258	54.246	54.254	54.246	54.246	54.246	54.254	54.246	54.246	54.242	54.254	54.258	54.254	54.242	54.254	54.254	54.254	54.258	54.254	54.258	54.246	54.254	54.324	54.32	54.309	54.312	54.332	54.332	54.32	54.332
54.246	54.246	54.164	54.074	54.066	54	53.922	53.828	53.84	53.832	53.754	53.75	53.754	53.801	53.82	53.828	53.992	54	54.07	54.086	54.098	54.18	54.258	54.266	54.266	54.27	54.254	54.258	54.258	54.258	54.254	54.246	54.254	54.266	54.348	54.32	54.332	54.414	54.426	54.414	54.414	54.414	54.414	54.352	54.34	54.336	54.332	54.336	54.32	54.324	54.336	54.324	54.324	54.336	54.336	54.324	54.332	54.332	54.324	54.254
54.254	54.246	54.176	54.074	54.07	54.012	53.914	53.816	53.828	53.746	53.75	53.66	53.754	53.75	53.84	53.832	53.914	53.992	53.992	54.055	54.074	54.094	54.086	54.172	54.187	54.172	54.219	54.246	54.27	54.246	54.27	54.258	54.258	54.34	54.336	54.418	54.414	54.426	54.473	54.453	54.418	54.418	54.414	54.406	54.324	54.332	54.332	54.32	54.324	54.34	54.348	54.34	54.34	54.332	54.324	54.336	54.324	54.32	54.332	54.332
54.496	54.48	54.414	54.246	54.238	54.187	54.082	54.055	54.082	54.004	53.926	53.922	53.91	54.004	54.055	54.094	54.18	54.27	54.258	54.27	54.336	54.348	54.426	54.406	54.414	54.426	54.414	54.414	54.406	54.418	54.43	54.469	54.473	54.508	54.508	54.5	54.578	54.586	54.645	54.641	54.652	54.578	54.59	54.574	54.566	54.586	54.598	54.586	54.59	54.578	54.586	54.586	54.59	54.578	54.578	54.598	54.586	54.586	54.586	54.512
54.746	54.656	54.656	54.512	54.465	54.406	54.332	54.254	54.254	54.27	54.043	53.832	53.668	53.672	53.75	53.84	53.914	54.012	54.086	54.18	54.258	54.246	54.332	54.414	54.473	54.469	54.48	54.496	54.59	54.59	54.578	54.641	54.652	54.73	54.746	54.734	54.73	54.832	54.824	54.828	54.816	54.828	54.824	54.75	54.738	54.734	54.746	54.75	54.746	54.738	54.723	54.691	54.652	54.652	54.652	54.656	54.656	54.652	54.656	54.645
56.168	56.172	56.082	56.012	55.977	55.852	55.855	55.742	55.711	55.676	55.508	55.363	55.266	55.316	55.352	55.43	55.504	55.516	55.652	55.734	55.75	55.77	55.852	55.945	55.996	56.023	56.027	56.09	56.082	56.094	56.172	56.176	56.172	56.242	56.266	56.344	56.328	56.336	56.395	56.383	56.414	56.344	56.344	56.367	56.344	56.348	56.344	56.332	56.336	56.336	56.254	56.254	56.262	56.254	56.25	56.254	56.254	56.254	56.254	56.242
57.09	57.047	56.934	56.863	56.84	56.703	56.598	56.598	56.602	56.547	56.437	56.301	56.203	56.199	56.211	56.289	56.367	56.422	56.43	56.629	56.602	56.695	56.781	56.82	56.852	56.855	56.875	56.906	56.945	56.941	57.02	57.105	57.105	57.086	57.117	57.18	57.195	57.18	57.289	57.262	57.234	57.199	57.211	57.199	57.211	57.199	57.207	57.199	57.211	57.102	57.105	57.113	57.09	57.102	57.086	57.094	57.117	57.105	57.09	57.086
55.824	55.773	55.746	55.676	55.602	55.516	55.508	55.426	55.336	55.324	55.332	55.258	55.242	55.25	55.316	55.336	55.418	55.508	55.508	55.504	55.59	55.602	55.664	55.676	55.664	55.68	55.664	55.676	55.676	55.684	55.719	55.734	55.75	55.762	55.77	55.836	55.828	55.836	55.84	55.836	55.836	55.758	55.75	55.758	55.758	55.742	55.758	55.758	55.746	55.758	55.68	55.586	55.59	55.586	55.508	55.504	55.516	55.496	55.508	55.508
44.855	44.848	44.848	44.723	44.648	44.617	44.527	44.527	44.437	44.445	44.449	44.445	44.457	44.434	44.527	44.543	44.617	44.648	44.621	44.703	44.699	44.699	44.758	44.754	44.766	44.836	44.832	44.848	44.859	44.836	44.836	44.848	44.848	44.863	44.848	44.836	44.93	44.824	44.844	44.844	44.844	44.844	44.844	44.754	44.766	44.687	44.687	44.699	44.633	44.645	44.609	44.527	44.523	44.449	44.445	44.449	44.363	44.297	44.266	44.277
