40.961	40.949	40.965	40.922	40.879	40.879	40.828	40.812	40.809	40.785	40.789	40.785	40.773	40.789	40.785	40.773	40.812	40.785	40.801	40.809	40.797	40.785	40.828	40.863	40.867	40.879	40.809	40.895	40.926	40.949	40.965	40.961	40.984	41.02	41.039	41.043	41.043	41.043	41.043	41.059	41.098	41.109	41.121	41.129	41.125	41.121	41.129	41.148	41.141	41.18	41.211	41.129	41.195	41.211	41.207	41.191	41.207	41.207	41.129	41.25
59.066	59.047	59.02	58.953	58.887	58.875	58.863	58.82	58.789	58.699	58.687	58.672	58.699	58.672	58.687	58.734	58.77	58.789	58.789	58.762	58.793	58.836	58.883	58.875	58.863	58.863	58.883	58.863	58.859	58.863	58.875	58.875	58.898	58.953	58.953	58.969	59.027	59.047	59.047	59.055	59.086	59.09	59.051	59.051	59.035	59.02	59.027	59.02	59.008	59.02	59	58.992	58.973	58.965	58.969	58.969	58.953	58.941	58.941	58.957
58.957	58.914	58.875	58.875	58.848	58.816	58.754	58.707	58.645	58.613	58.598	58.562	58.559	58.57	58.625	58.598	58.629	58.629	58.656	58.68	58.684	58.699	58.699	58.711	58.734	58.762	58.781	58.777	58.777	58.809	58.781	58.777	58.707	58.668	58.625	58.598	58.551	58.547	58.547	58.547	58.531	58.496	58.465	58.465	58.469	58.426	58.414	58.387	58.383	58.383	58.383	58.359	58.359	58.312	58.34	58.316	58.328	58.316	58.285	58.305
58.848	58.816	58.77	58.75	58.699	58.629	58.59	58.551	58.551	58.52	58.477	58.492	58.477	58.52	58.523	58.52	58.523	58.535	58.535	58.543	58.547	58.602	58.629	58.641	58.645	58.684	58.68	58.684	58.707	58.699	58.715	58.699	58.727	58.77	58.793	58.809	58.844	58.871	58.883	58.863	58.875	58.871	58.871	58.883	58.875	58.887	58.883	58.883	58.875	58.875	58.883	58.883	58.875	58.871	58.875	58.875	58.871	58.863	58.871	58.855
58.863	58.836	58.793	58.734	58.707	58.625	58.57	58.535	58.551	58.52	58.531	58.516	58.523	58.547	58.543	58.523	58.523	58.535	58.551	58.547	58.562	58.559	58.617	58.605	58.617	58.652	58.633	58.656	58.711	58.695	58.707	58.727	58.75	58.801	58.809	58.859	58.883	58.875	58.887	58.871	58.871	58.883	58.871	58.875	58.883	58.883	58.883	58.883	58.871	58.887	58.863	58.875	58.871	58.875	58.883	58.883	58.875	58.871	58.859	58.883
58.98	58.98	58.914	58.883	58.883	58.809	58.777	58.707	58.687	58.613	58.625	58.625	58.625	58.645	58.684	58.687	58.727	58.723	58.742	58.766	58.789	58.801	58.828	58.855	58.863	58.871	58.863	58.883	58.863	58.883	58.875	58.875	58.887	58.926	58.937	58.965	58.98	59.008	59.039	59.047	59.062	59.078	59.094	59.051	59.051	59.047	59.027	59.027	59.035	59.027	59.035	59.039	59.035	59.027	59.023	59.035	59.027	59.02	59.008	59
59.414	59.406	59.391	59.391	59.332	59.285	59.227	59.141	59.156	59.145	59.145	59.023	58.969	58.902	58.91	58.918	58.957	58.969	59.027	59.055	59.066	59.121	59.141	59.133	59.141	59.148	59.16	59.203	59.211	59.223	59.227	59.238	59.281	59.32	59.348	59.359	59.398	59.398	59.387	59.398	59.391	59.402	59.391	59.379	59.387	59.387	59.391	59.398	59.391	59.398	59.375	59.367	59.379	59.375	59.367	59.348	59.332	59.352	59.312	59.375
60.625	60.609	60.574	60.586	60.508	60.473	60.437	60.355	60.344	60.34	60.297	60.246	60.176	60.187	60.187	60.191	60.254	60.281	60.301	60.316	60.336	60.324	60.324	60.363	60.41	60.422	60.465	60.492	60.48	60.492	60.508	60.547	60.586	60.574	60.574	60.594	60.652	60.676	60.676	60.703	60.746	60.738	60.75	60.734	60.73	60.723	60.73	60.707	60.691	60.719	60.707	60.668	60.68	60.68	60.68	60.664	60.664	60.664	60.652	60.648
61.441	61.422	61.426	61.437	61.363	61.293	61.246	61.168	61.168	61.152	61.117	61.117	61.07	61.047	61.043	61.086	61.109	61.109	61.156	61.164	61.168	61.18	61.156	61.223	61.238	61.238	61.262	61.289	61.316	61.328	61.336	61.355	61.387	61.414	61.41	61.414	61.414	61.437	61.508	61.48	61.504	61.586	61.508	61.496	61.512	61.484	61.496	61.492	61.496	61.496	61.469	61.469	61.43	61.449	61.422	61.414	61.414	61.414	61.414	61.402
60.328	60.336	60.344	60.312	60.23	60.176	60.094	60.086	60.055	59.988	59.977	59.961	59.949	59.984	59.996	60.012	60.027	60.066	60.066	60.078	60.066	60.078	60.125	60.133	60.148	60.16	60.187	60.191	60.168	60.219	60.219	60.234	60.246	60.285	60.324	60.262	60.324	60.324	60.328	60.328	60.324	60.34	60.344	60.309	60.328	60.316	60.316	60.324	60.316	60.312	60.324	60.324	60.312	60.273	60.27	60.234	60.234	60.203	60.195	60.195
49.855	49.844	49.82	49.805	49.812	49.773	49.707	49.691	49.629	49.609	49.582	49.574	49.621	49.629	49.625	49.637	49.629	49.629	49.637	49.656	49.664	49.68	49.719	49.703	49.703	49.711	49.738	49.793	49.785	49.766	49.801	49.805	49.789	49.801	49.793	49.801	49.801	49.84	49.816	49.859	49.859	49.844	49.812	49.816	49.801	49.789	49.789	49.793	49.793	49.793	49.785	49.793	49.773	49.746	49.707	49.711	49.695	49.664	49.629	49.621
