38.32	38.332	38.32	38.324	38.332	38.324	38.348	38.332	38.336	38.316	38.336	38.336	38.359	38.336	38.41	38.418	38.5	38.492	38.496	38.551	38.559	38.547	38.535	38.535	38.5	38.492	38.5	38.5	38.492	38.496	38.496	38.496	38.508	38.496	38.492	38.5	38.496	38.52	38.496	38.5	38.484	38.496	38.484	38.484	38.492	38.508	38.492	38.508	38.492	38.512	38.523	38.539	38.578	38.531	38.523	38.566	38.613	38.59	38.578	38.594
55.848	55.926	55.902	55.902	55.91	55.902	55.914	55.914	55.91	55.898	55.895	55.91	55.91	55.91	55.91	55.984	55.992	55.996	55.992	55.98	55.992	55.977	55.996	56.004	55.984	55.984	55.922	55.898	55.914	55.863	55.863	55.871	55.863	55.922	55.816	55.816	55.809	55.82	55.828	55.816	55.809	55.816	55.828	55.816	55.832	55.816	55.816	55.816	55.809	55.82	55.816	55.82	55.82	55.816	55.809	55.859	55.809	55.836	55.871	55.863
55.855	55.859	55.855	55.859	55.82	55.809	55.828	55.82	55.816	55.816	55.805	55.793	55.816	55.82	55.816	55.816	55.809	55.82	55.828	55.816	55.816	55.863	55.859	55.871	55.871	55.848	55.832	55.816	55.816	55.738	55.723	55.727	55.684	55.672	55.715	55.672	55.645	55.652	55.66	55.641	55.645	55.656	55.645	55.656	55.684	55.715	55.734	55.734	55.734	55.805	55.816	55.82	55.809	55.816	55.832	55.816	55.82	55.816	55.828	55.816
55.832	55.828	55.828	55.832	55.832	55.832	55.816	55.832	55.828	55.828	55.832	55.836	55.832	55.828	55.832	55.887	55.883	55.871	55.914	55.926	55.91	55.922	55.914	55.926	55.914	55.875	55.859	55.895	55.828	55.832	55.832	55.734	55.734	55.762	55.699	55.711	55.695	55.715	55.723	55.707	55.707	55.707	55.711	55.734	55.699	55.699	55.715	55.711	55.707	55.68	55.707	55.715	55.75	55.75	55.738	55.754	55.75	55.754	55.738	55.746
55.672	55.707	55.727	55.734	55.734	55.727	55.746	55.738	55.738	55.734	55.723	55.734	55.734	55.828	55.828	55.828	55.828	55.863	55.863	55.859	55.848	55.898	55.91	55.914	55.895	55.836	55.836	55.855	55.82	55.82	55.816	55.727	55.727	55.746	55.746	55.66	55.672	55.695	55.684	55.687	55.695	55.707	55.699	55.695	55.684	55.687	55.699	55.711	55.695	55.695	55.734	55.68	55.672	55.66	55.699	55.68	55.699	55.684	55.684	55.687
56.008	56.004	56.008	55.996	56.004	55.996	55.996	56.004	56.004	56.004	55.992	55.992	55.996	55.984	55.984	55.98	55.992	56.074	56.078	56.07	56.062	56.078	56.07	56.062	56.074	55.992	55.992	56.004	56.004	55.914	55.922	55.91	55.922	55.914	55.91	55.926	55.855	55.863	55.859	55.844	55.875	55.859	55.902	55.859	55.887	55.883	55.902	55.902	55.914	55.922	55.922	55.949	55.914	55.922	55.996	55.996	55.992	56.004	55.996	55.98
56.246	56.25	56.25	56.25	56.246	56.238	56.254	56.254	56.254	56.254	56.262	56.18	56.172	56.25	56.168	56.238	56.254	56.238	56.262	56.262	56.246	56.254	56.273	56.254	56.25	56.266	56.262	56.266	56.25	56.266	56.172	56.16	56.18	56.18	56.172	56.105	56.125	56.117	56.129	56.125	56.102	56.086	56.098	56.102	56.086	56.09	56.184	56.102	56.117	56.09	56.102	56.078	56.098	56.09	56.086	56.098	56.102	56.098	56.078	56.086
57.707	57.703	57.773	57.773	57.773	57.789	57.789	57.789	57.785	57.785	57.777	57.773	57.777	57.785	57.785	57.785	57.777	57.785	57.816	57.816	57.812	57.812	57.828	57.805	57.777	57.773	57.777	57.684	57.703	57.695	57.691	57.609	57.613	57.609	57.609	57.613	57.613	57.609	57.609	57.527	57.527	57.52	57.527	57.527	57.609	57.609	57.613	57.613	57.613	57.602	57.609	57.613	57.613	57.625	57.629	57.617	57.617	57.613	57.609	57.613
58.445	58.488	58.434	58.449	58.445	58.434	58.445	58.449	58.449	58.449	58.449	58.449	58.453	58.437	58.422	58.508	58.52	58.531	58.531	58.543	58.52	58.531	58.527	58.527	58.527	58.52	58.453	58.453	58.453	58.453	58.437	58.453	58.379	58.379	58.383	58.391	58.391	58.383	58.277	58.305	58.289	58.285	58.285	58.285	58.289	58.301	58.285	58.277	58.289	58.285	58.301	58.297	58.371	58.379	58.383	58.398	58.371	58.391	58.371	58.465
57.09	57.082	57.086	57.168	57.164	57.168	57.172	57.18	57.172	57.18	57.172	57.18	57.172	57.168	57.168	57.172	57.172	57.168	57.18	57.18	57.172	57.172	57.168	57.172	57.172	57.184	57.172	57.164	57.098	57.086	57.086	57.09	57.086	57.102	57.098	57.016	57.008	57.008	57.004	56.996	56.996	57.008	57.008	57.004	57.023	57.008	57.008	57.008	57.004	57.008	57.004	57.008	57.082	57.082	57.082	57.098	57.086	57.109	57.098	57.09
47.086	47.078	47.086	47.086	47.086	47.078	47.074	47.078	47.078	47.074	47.09	47.09	47.078	47.105	47.105	47.16	47.16	47.156	47.156	47.234	47.238	47.234	47.223	47.223	47.227	47.156	47.16	47.168	47.156	47.145	47.09	47.094	47.102	47.086	47.094	47.086	47.066	47.078	46.996	46.98	46.992	46.984	46.984	46.992	46.992	46.91	46.937	46.926	46.91	46.918	46.898	46.902	46.91	46.91	46.898	46.902	46.91	46.891	46.898	46.902
