30.363	30.375	30.367	30.367	30.379	30.379	30.367	30.367	30.375	30.473	30.496	30.484	30.555	30.566	30.668	30.656	30.727	30.816	30.898	30.898	30.996	31.07	31.078	31.145	31.145	31.215	31.293	31.375	31.465	31.543	31.609	31.711	31.793	31.77	31.953	32.043	32.121	32.207	32.281	32.348	32.43	32.523	32.609	32.68	32.758	32.84	32.922	33.008	33.094	33.09	33.18	33.172	33.363	33.34	33.324	33.41	33.504	33.582	33.594	33.555
49.562	49.484	49.484	49.461	49.402	49.496	49.484	49.574	49.562	49.582	49.582	49.602	49.582	49.594	49.594	49.602	49.602	49.668	49.672	49.684	49.672	49.672	49.668	49.668	49.668	49.672	49.668	49.684	49.711	49.684	49.695	49.707	49.727	49.699	49.699	49.707	49.687	49.723	49.699	49.707	49.723	49.695	49.68	49.66	49.672	49.68	49.672	49.711	49.68	49.672	49.68	49.68	49.613	49.59	49.602	49.672	49.668	49.68	49.672	49.645
49.652	49.566	49.578	49.574	49.574	49.578	49.656	49.652	49.66	49.672	49.68	49.605	49.59	49.602	49.594	49.602	49.672	49.668	49.684	49.68	49.68	49.594	49.602	49.508	49.594	49.594	49.59	49.672	49.672	49.684	49.613	49.605	49.523	49.527	49.535	49.527	49.613	49.594	49.605	49.621	49.617	49.512	49.473	49.48	49.445	49.445	49.508	49.48	49.488	49.484	49.434	49.457	49.449	49.355	49.363	49.367	49.441	49.496	49.484	49.488
49.566	49.484	49.488	49.461	49.457	49.5	49.488	49.578	49.578	49.602	49.605	49.551	49.527	49.523	49.523	49.539	49.605	49.602	49.602	49.613	49.602	49.613	49.613	49.621	49.605	49.645	49.684	49.684	49.719	49.699	49.699	49.746	49.711	49.707	49.719	49.711	49.707	49.719	49.727	49.723	49.68	49.68	49.613	49.523	49.535	49.613	49.602	49.68	49.672	49.672	49.602	49.594	49.527	49.535	49.527	49.523	49.617	49.617	49.605	49.578
49.566	49.578	49.488	49.48	49.48	49.488	49.566	49.555	49.551	49.582	49.59	49.594	49.496	49.508	49.508	49.508	49.59	49.594	49.613	49.59	49.582	49.512	49.527	49.5	49.512	49.602	49.617	49.602	49.59	49.613	49.594	49.605	49.617	49.68	49.684	49.68	49.684	49.672	49.668	49.672	49.668	49.602	49.582	49.512	49.516	49.523	49.605	49.59	49.668	49.605	49.594	49.527	49.539	49.48	49.48	49.469	49.461	49.496	49.523	49.496
49.723	49.684	49.68	49.68	49.672	49.727	49.727	49.719	49.727	49.75	49.746	49.687	49.699	49.707	49.711	49.719	49.738	49.727	49.738	49.746	49.746	49.723	49.707	49.668	49.68	49.723	49.687	49.762	49.75	49.75	49.754	49.719	49.699	49.723	49.68	49.68	49.699	49.754	49.75	49.738	49.719	49.707	49.684	49.68	49.668	49.672	49.672	49.68	49.687	49.672	49.684	49.68	49.605	49.602	49.605	49.613	49.68	49.672	49.719	49.68
49.672	49.59	49.59	49.578	49.566	49.582	49.652	49.672	49.672	49.738	49.711	49.687	49.672	49.684	49.68	49.719	49.711	49.754	49.75	49.75	49.754	49.719	49.711	49.719	49.711	49.699	49.762	49.75	49.754	49.852	49.746	49.766	49.75	49.719	49.746	49.762	49.75	49.832	49.832	49.84	49.766	49.754	49.719	49.719	49.723	49.695	49.699	49.746	49.754	49.746	49.75	49.719	49.687	49.68	49.66	49.656	49.668	49.719	49.695	49.668
51.375	51.371	51.387	51.391	51.453	51.457	51.535	51.543	51.543	51.547	51.57	51.547	51.559	51.559	51.562	51.637	51.656	51.559	51.473	51.48	51.473	51.48	51.547	51.57	51.562	51.562	51.637	51.562	51.465	51.406	51.414	51.469	51.469	51.496	51.562	51.57	51.492	51.445	51.398	51.312	51.32	51.406	51.406	51.445	51.48	51.48	51.559	51.645	51.645	51.652	51.645	51.645	51.637	51.637	51.641	51.641	51.695	51.684	51.684	51.645
52.367	52.297	52.305	52.312	52.301	52.297	52.379	52.363	52.352	52.328	52.332	52.316	52.305	52.324	52.312	52.316	52.328	52.324	52.34	52.324	52.34	52.324	52.324	52.332	52.312	52.312	52.391	52.395	52.41	52.402	52.355	52.328	52.324	52.324	52.43	52.418	52.402	52.422	52.402	52.395	52.41	52.328	52.316	52.328	52.324	52.316	52.406	52.406	52.402	52.316	52.312	52.301	52.305	52.305	52.324	52.301	52.34	52.332	52.316	52.301
50.648	50.543	50.555	50.559	50.559	50.559	50.559	50.566	50.559	50.582	50.664	50.676	50.664	50.664	50.684	50.66	50.676	50.672	50.687	50.586	50.598	50.504	50.406	50.383	50.371	50.332	50.172	50.145	50.016	49.926	49.922	49.852	49.762	49.719	49.684	49.629	49.539	49.457	49.449	49.367	49.285	49.242	49.23	49.195	49.129	49.105	49.07	49.031	48.953	48.957	48.863	48.867	48.875	48.852	48.84	48.785	48.703	48.613	48.621	48.586
40.41	40.402	40.414	40.41	40.402	40.418	40.398	40.402	40.402	40.352	40.266	40.266	40.187	40.098	40.008	39.922	39.844	39.687	39.609	39.52	39.367	39.211	39.109	38.957	38.895	38.699	38.555	38.457	38.312	38.309	38.113	38.07	37.898	37.82	37.734	37.66	37.574	37.477	37.398	37.391	37.32	37.242	37.172	37.164	37.086	36.992	36.992	36.914	36.848	36.844	36.77	36.781	36.762	36.676	36.605	36.605	36.531	36.516	36.512	36.422
