0.604	0.605	0.611	0.603	0.608	0.608	0.608	0.617	0.619	0.619	0.581	0.569	0.558	0.548	0.544	0.534	0.534	0.532	0.534	0.555	0.553	0.563	0.581	0.595	0.584	0.582	0.585	0.577	0.569	0.577	0.597	0.596	0.603	0.605	0.603	0.6	0.604	0.624	0.616	0.593	0.607	0.592	0.585	0.572	0.577	0.576	0.568	0.563	0.559	0.557	0.554	0.552	0.545	0.553	0.553	0.539	0.544	0.545	0.535	0.543
0.64	0.677	0.697	0.711	0.721	0.72	0.721	0.724	0.725	0.724	0.679	0.666	0.65	0.64	0.626	0.65	0.641	0.638	0.637	0.654	0.662	0.669	0.67	0.665	0.665	0.663	0.663	0.654	0.648	0.649	0.651	0.658	0.66	0.661	0.666	0.659	0.66	0.656	0.666	0.651	0.647	0.645	0.64	0.637	0.637	0.632	0.625	0.619	0.608	0.608	0.589	0.582	0.578	0.581	0.586	0.598	0.595	0.582	0.58	0.59
0.624	0.669	0.696	0.706	0.709	0.725	0.757	0.749	0.746	0.764	0.729	0.694	0.706	0.695	0.667	0.642	0.631	0.637	0.634	0.652	0.649	0.655	0.662	0.66	0.657	0.659	0.659	0.654	0.648	0.687	0.712	0.73	0.741	0.743	0.742	0.744	0.745	0.74	0.742	0.748	0.749	0.765	0.774	0.785	0.79	0.803	0.812	0.813	0.806	0.806	0.809	0.816	0.828	0.843	0.853	0.865	0.871	0.867	0.868	0.873
0.649	0.693	0.711	0.734	0.733	0.739	0.739	0.747	0.743	0.738	0.688	0.658	0.642	0.634	0.639	0.631	0.637	0.643	0.646	0.657	0.664	0.668	0.679	0.671	0.666	0.668	0.668	0.669	0.661	0.668	0.665	0.672	0.677	0.669	0.666	0.663	0.661	0.66	0.67	0.66	0.67	0.654	0.646	0.635	0.632	0.629	0.623	0.627	0.64	0.622	0.611	0.614	0.617	0.607	0.608	0.613	0.619	0.612	0.614	0.618
0.657	0.698	0.721	0.73	0.73	0.737	0.733	0.731	0.734	0.726	0.684	0.655	0.656	0.642	0.632	0.627	0.63	0.645	0.657	0.666	0.667	0.669	0.668	0.667	0.665	0.661	0.66	0.661	0.656	0.67	0.686	0.684	0.692	0.683	0.683	0.679	0.682	0.676	0.675	0.655	0.65	0.644	0.636	0.63	0.638	0.662	0.651	0.637	0.625	0.617	0.606	0.608	0.604	0.608	0.605	0.612	0.618	0.61	0.611	0.612
0.657	0.688	0.711	0.718	0.736	0.742	0.741	0.744	0.749	0.732	0.696	0.682	0.668	0.652	0.634	0.629	0.63	0.634	0.661	0.659	0.665	0.67	0.685	0.69	0.679	0.683	0.672	0.668	0.668	0.684	0.686	0.699	0.706	0.693	0.677	0.679	0.671	0.662	0.66	0.648	0.647	0.637	0.641	0.634	0.626	0.623	0.623	0.615	0.612	0.608	0.602	0.613	0.621	0.624	0.619	0.614	0.608	0.609	0.609	0.61
0.627	0.67	0.757	0.82	0.883	0.933	1.081	1.058	1.03	0.959	0.852	0.759	0.703	0.669	0.653	0.63	0.627	0.623	0.618	0.621	0.635	0.637	0.641	0.638	0.659	0.659	0.648	0.644	0.642	0.64	0.64	0.657	0.66	0.652	0.645	0.643	0.645	0.644	0.64	0.628	0.614	0.615	0.631	0.622	0.611	0.618	0.618	0.603	0.598	0.592	0.589	0.588	0.596	0.602	0.6	0.598	0.599	0.592	0.595	0.6
0.598	0.633	0.752	0.991	1.018	1.104	1.067	1.152	1.099	0.942	0.805	0.725	0.689	0.65	0.632	0.618	0.615	0.613	0.619	0.623	0.619	0.619	0.619	0.613	0.609	0.608	0.604	0.6	0.598	0.601	0.6	0.599	0.607	0.604	0.609	0.612	0.604	0.606	0.61	0.597	0.591	0.591	0.595	0.59	0.576	0.589	0.592	0.588	0.585	0.576	0.573	0.568	0.609	0.602	0.586	0.576	0.561	0.556	0.555	0.557
0.612	0.686	0.805	1.115	1.493	1.448	1.381	1.458	1.556	1.36	1.098	0.924	0.796	0.718	0.66	0.631	0.615	0.609	0.598	0.601	0.612	0.61	0.614	0.623	0.626	0.63	0.619	0.623	0.615	0.623	0.623	0.627	0.626	0.621	0.614	0.612	0.624	0.617	0.609	0.594	0.585	0.581	0.589	0.587	0.586	0.589	0.579	0.584	0.582	0.592	0.576	0.57	0.572	0.564	0.564	0.574	0.562	0.567	0.56	0.563
0.612	0.677	0.723	0.84	0.873	0.841	0.801	0.863	0.9	0.831	0.725	0.666	0.645	0.628	0.603	0.613	0.609	0.6	0.607	0.618	0.609	0.609	0.611	0.609	0.599	0.592	0.593	0.596	0.595	0.611	0.619	0.623	0.622	0.615	0.609	0.603	0.608	0.614	0.611	0.593	0.595	0.602	0.603	0.596	0.609	0.597	0.585	0.586	0.597	0.593	0.577	0.572	0.578	0.577	0.575	0.578	0.571	0.566	0.569	0.565
0.59	0.633	0.66	0.674	0.687	0.691	0.691	0.693	0.696	0.683	0.643	0.631	0.611	0.603	0.599	0.603	0.61	0.597	0.604	0.596	0.595	0.607	0.616	0.623	0.613	0.614	0.607	0.612	0.621	0.626	0.624	0.623	0.626	0.622	0.618	0.613	0.625	0.631	0.628	0.612	0.604	0.598	0.59	0.588	0.59	0.59	0.595	0.588	0.593	0.593	0.588	0.584	0.588	0.59	0.587	0.582	0.58	0.577	0.579	0.576
